 2.50  2300.  0.0  2.0   0.7070   0.6453   0.5399 r PC
 3.00  2300.  0.0  2.0   0.7314   0.6437   0.6165 r PC
 3.50  2300.  0.0  2.0   0.7479   0.6647   0.5281 r PC
 4.00  2300.  0.0  2.0   0.7732   0.6929   0.4620 r PC
 4.50  2300.  0.0  2.0   0.7777   0.7008   0.4235 r PC
 5.00  2300.  0.0  2.0   0.7745   0.7014   0.4006 r PC
 5.50  2300.  0.0  2.0   0.7388   0.6608   0.4315 r PC
 6.00  2300.  0.0  2.0   0.7246   0.6434   0.4495 r PC
 2.50  2400.  0.0  2.0   0.6784   0.6136   0.5801 r PC
 3.00  2400.  0.0  2.0   0.6894   0.6059   0.5882 r PC
 3.50  2400.  0.0  2.0   0.7246   0.6282   0.6229 r PC
 4.00  2400.  0.0  2.0   0.7547   0.6629   0.5370 r PC
 4.50  2400.  0.0  2.0   0.7819   0.6965   0.4697 r PC
 5.00  2400.  0.0  2.0   0.7774   0.6889   0.4751 r PC
 5.50  2400.  0.0  2.0   0.7617   0.6744   0.4689 r PC
 6.00  2400.  0.0  2.0   0.7403   0.6529   0.4753 r PC
 2.50  2500.  0.0  2.0   0.6518   0.5878   0.6073 r PC
 3.00  2500.  0.0  2.0   0.6534   0.5669   0.6307 r PC
 3.50  2500.  0.0  2.0   0.6796   0.5831   0.6233 r PC
 4.00  2500.  0.0  2.0   0.7202   0.6161   0.6317 r PC
 4.50  2500.  0.0  2.0   0.7548   0.6567   0.5558 r PC
 5.00  2500.  0.0  2.0   0.7824   0.6909   0.4916 r PC
 5.50  2500.  0.0  2.0   0.7668   0.6680   0.5300 r PC
 6.00  2500.  0.0  2.0   0.7470   0.6514   0.5178 r PC
 2.50  2600.  0.0  2.0   0.6399   0.5783   0.6222 r PC
 3.00  2600.  0.0  2.0   0.6236   0.5373   0.6582 r PC
 3.50  2600.  0.0  2.0   0.6378   0.5411   0.6441 r PC
 4.00  2600.  0.0  2.0   0.6720   0.5658   0.6534 r PC
 4.50  2600.  0.0  2.0   0.7186   0.6068   0.6588 r PC
 5.00  2600.  0.0  2.0   0.7511   0.6438   0.5945 r PC
 5.50  2600.  0.0  2.0   0.7745   0.6741   0.5359 r PC
 6.00  2600.  0.0  2.0   0.7768   0.6810   0.5076 r PC
 2.50  2700.  0.0  2.0   0.6348   0.5818   0.5900 r PC
 3.00  2700.  0.0  2.0   0.6009   0.5204   0.6378 r PC
 3.50  2700.  0.0  2.0   0.6035   0.5071   0.6650 r PC
 4.00  2700.  0.0  2.0   0.6273   0.5205   0.6760 r PC
 4.50  2700.  0.0  2.0   0.6640   0.5505   0.6837 r PC
 5.00  2700.  0.0  2.0   0.7096   0.5900   0.6942 r PC
 5.50  2700.  0.0  2.0   0.7380   0.6227   0.6402 r PC
 6.00  2700.  0.0  2.0   0.7563   0.6485   0.5862 r PC
 2.50  2800.  0.0  2.0   0.6429   0.5986   0.5543 r PC
 3.00  2800.  0.0  2.0   0.5963   0.5165   0.6609 r PC
 3.50  2800.  0.0  2.0   0.5764   0.4846   0.6510 r PC
 4.00  2800.  0.0  2.0   0.5893   0.4837   0.6930 r PC
 4.50  2800.  0.0  2.0   0.6155   0.5033   0.6984 r PC
 5.00  2800.  0.0  2.0   0.6539   0.5357   0.7077 r PC
 5.50  2800.  0.0  2.0   0.6879   0.5687   0.6915 r PC
 2.50  2900.  0.0  2.0   0.6592   0.6208   0.5187 r PC
 3.00  2900.  0.0  2.0   0.5980   0.5214   0.6423 r PC
 3.50  2900.  0.0  2.0   0.5650   0.4731   0.6687 r PC
 4.00  2900.  0.0  2.0   0.5605   0.4583   0.6797 r PC
 4.50  2900.  0.0  2.0   0.5771   0.4668   0.7063 r PC
 5.00  2900.  0.0  2.0   0.6054   0.4897   0.7152 r PC
 5.50  2900.  0.0  2.0   0.6424   0.5239   0.7102 r PC
 6.00  2900.  0.0  2.0   0.6807   0.5626   0.6855 r PC
 2.50  3000.  0.0  2.0   0.6922   0.6528   0.5296 r PC
 3.00  3000.  0.0  2.0   0.6082   0.5327   0.6230 r PC
 3.50  3000.  0.0  2.0   0.5606   0.4703   0.6541 r PC
 4.00  3000.  0.0  2.0   0.5417   0.4429   0.6623 r PC
 4.50  3000.  0.0  2.0   0.5471   0.4411   0.6908 r PC
 5.50  3000.  0.0  2.0   0.5961   0.4815   0.7067 r PC
 6.00  3000.  0.0  2.0   0.6311   0.5149   0.6973 r PC
 2.50  3100.  0.0  2.0   0.7307   0.7026   0.4555 r PC
 3.00  3100.  0.0  2.0   0.6232   0.5509   0.6016 r PC
 3.50  3100.  0.0  2.0   0.5639   0.4772   0.6364 r PC
 4.00  3100.  0.0  2.0   0.5328   0.4376   0.6442 r PC
 4.50  3100.  0.0  2.0   0.5268   0.4252   0.6693 r PC
 5.00  3100.  0.0  2.0   0.5360   0.4297   0.6820 r PC
 5.50  3100.  0.0  2.0   0.5584   0.4485   0.6909 r PC
 6.00  3100.  0.0  2.0   0.5873   0.4747   0.6934 r PC
 2.50  3200.  0.0  2.0   0.7031   0.6811   0.4561 r PC
 3.00  3200.  0.0  2.0   0.6440   0.5803   0.5570 r PC
 3.50  3200.  0.0  2.0   0.5726   0.4920   0.6071 r PC
 4.00  3200.  0.0  2.0   0.5319   0.4414   0.6201 r PC
 4.50  3200.  0.0  2.0   0.5143   0.4170   0.6464 r PC
 5.00  3200.  0.0  2.0   0.5137   0.4119   0.6580 r PC
 5.50  3200.  0.0  2.0   0.5281   0.4229   0.6680 r PC
 6.00  3200.  0.0  2.0   0.5534   0.4453   0.6727 r PC
 2.50  3300.  0.0  2.0   0.6819   0.6796   0.4036 r PC
 3.00  3300.  0.0  2.0   0.6518   0.6038   0.4950 r PC
 3.50  3300.  0.0  2.0   0.5842   0.5099   0.5836 r PC
 4.00  3300.  0.0  2.0   0.5361   0.4495   0.6063 r PC
 4.50  3300.  0.0  2.0   0.5089   0.4162   0.6171 r PC
 5.00  3300.  0.0  2.0   0.4999   0.4024   0.6318 r PC
 5.50  3300.  0.0  2.0   0.5059   0.4050   0.6415 r PC
 6.00  3300.  0.0  2.0   0.5236   0.4192   0.6541 r PC
 2.50  3400.  0.0  2.0   0.6575   0.6740   0.3321 r PC
 3.00  3400.  0.0  2.0   0.6324   0.6020   0.4303 r PC
 3.50  3400.  0.0  2.0   0.5894   0.5256   0.5316 r PC
 4.00  3400.  0.0  2.0   0.5410   0.4596   0.5792 r PC
 4.50  3400.  0.0  2.0   0.5085   0.4189   0.6009 r PC
 5.00  3400.  0.0  2.0   0.4910   0.3971   0.6064 r PC
 5.50  3400.  0.0  2.0   0.4899   0.3921   0.6206 r PC
 6.00  3400.  0.0  2.0   0.5003   0.3986   0.6383 r PC
 2.50  3500.  0.0  2.0   0.6462   0.6763   0.2836 r PC
 3.00  3500.  0.0  2.0   0.6351   0.6215   0.3485 r PC
 3.50  3500.  0.0  2.0   0.5887   0.5399   0.4460 r PC
 4.00  3500.  0.0  2.0   0.5419   0.4691   0.5212 r PC
 4.50  3500.  0.0  2.0   0.5074   0.4229   0.5635 r PC
 5.00  3500.  0.0  2.0   0.4851   0.3946   0.5808 r PC
 5.50  3500.  0.0  2.0   0.4769   0.3816   0.6032 r PC
 6.00  3500.  0.0  2.0   0.4808   0.3817   0.6232 r PC
 2.50  3600.  0.0  2.0   0.6442   0.6872   0.2150 r PC
 3.00  3600.  0.0  2.0   0.6430   0.6461   0.2761 r PC
 3.50  3600.  0.0  2.0   0.5986   0.5624   0.3802 r PC
 4.00  3600.  0.0  2.0   0.5479   0.4834   0.4694 r PC
 4.50  3600.  0.0  2.0   0.5100   0.4289   0.5450 r PC
 5.00  3600.  0.0  2.0   0.4830   0.3944   0.5681 r PC
 5.50  3600.  0.0  2.0   0.4689   0.3757   0.5860 r PC
 6.00  3600.  0.0  2.0   0.4659   0.3683   0.6130 r PC
 2.50  3700.  0.0  2.0   0.6545   0.7007   0.2098 r PC
 3.00  3700.  0.0  2.0   0.6480   0.6616   0.2221 r PC
 3.50  3700.  0.0  2.0   0.6170   0.5934   0.3149 r PC
 4.00  3700.  0.0  2.0   0.5620   0.5056   0.4221 r PC
 4.50  3700.  0.0  2.0   0.5152   0.4383   0.5164 r PC
 5.00  3700.  0.0  2.0   0.4828   0.3963   0.5505 r PC
 5.50  3700.  0.0  2.0   0.4633   0.3714   0.5760 r PC
 6.00  3700.  0.0  2.0   0.4562   0.3602   0.6013 r PC
 2.50  3800.  0.0  2.0   0.6634   0.7085   0.2167 r PC
 3.00  3800.  0.0  2.0   0.6569   0.6708   0.2266 r PC
 3.50  3800.  0.0  2.0   0.6351   0.6224   0.2434 r PC
 4.00  3800.  0.0  2.0   0.5849   0.5369   0.3734 r PC
 4.50  3800.  0.0  2.0   0.5269   0.4541   0.4907 r PC
 5.00  3800.  0.0  2.0   0.4839   0.3997   0.5329 r PC
 5.50  3800.  0.0  2.0   0.4595   0.3690   0.5645 r PC
 6.00  3800.  0.0  2.0   0.4478   0.3535   0.5897 r PC
 2.50  3900.  0.0  2.0   0.6636   0.7085   0.1800 r PC
 3.00  3900.  0.0  2.0   0.6558   0.6717   0.1810 r PC
 3.50  3900.  0.0  2.0   0.6478   0.6441   0.1975 r PC
 4.00  3900.  0.0  2.0   0.6011   0.5621   0.3257 r PC
 4.50  3900.  0.0  2.0   0.5399   0.4749   0.4350 r PC
 5.00  3900.  0.0  2.0   0.4918   0.4100   0.5182 r PC
 5.50  3900.  0.0  2.0   0.4577   0.3692   0.5508 r PC
 6.00  3900.  0.0  2.0   0.4418   0.3492   0.5773 r PC
 2.50  4000.  0.0  2.0   0.6617   0.7011   0.2086 r PC
 3.00  4000.  0.0  2.0   0.6568   0.6673   0.2092 r PC
 3.50  4000.  0.0  2.0   0.6549   0.6503   0.2143 r PC
 4.00  4000.  0.0  2.0   0.6214   0.5898   0.2873 r PC
 4.50  4000.  0.0  2.0   0.5601   0.5022   0.3969 r PC
 5.00  4000.  0.0  2.0   0.5018   0.4250   0.4895 r PC
 5.50  4000.  0.0  2.0   0.4609   0.3749   0.5355 r PC
 6.00  4000.  0.0  2.0   0.4364   0.3469   0.5558 r PC
 2.50  4100.  0.0  2.0   0.6562   0.6906   0.2379 r PC
 3.00  4100.  0.0  2.0   0.6544   0.6586   0.2497 r PC
 3.50  4100.  0.0  2.0   0.6522   0.6426   0.2436 r PC
 4.00  4100.  0.0  2.0   0.6374   0.6123   0.2555 r PC
 4.50  4100.  0.0  2.0   0.5882   0.5384   0.3489 r PC
 5.00  4100.  0.0  2.0   0.5200   0.4498   0.4512 r PC
 5.50  4100.  0.0  2.0   0.4699   0.3878   0.5097 r PC
 6.00  4100.  0.0  2.0   0.4381   0.3509   0.5401 r PC
 2.50  4200.  0.0  2.0   0.6487   0.6792   0.2586 r PC
 3.00  4200.  0.0  2.0   0.6477   0.6480   0.2750 r PC
 3.50  4200.  0.0  2.0   0.6430   0.6329   0.2234 r PC
 4.00  4200.  0.0  2.0   0.6414   0.6219   0.2168 r PC
 4.50  4200.  0.0  2.0   0.6046   0.5635   0.3026 r PC
 5.00  4200.  0.0  2.0   0.5430   0.4803   0.4081 r PC
 5.50  4200.  0.0  2.0   0.4800   0.4056   0.4579 r PC
 6.00  4200.  0.0  2.0   0.4439   0.3601   0.5180 r PC
 2.50  4300.  0.0  2.0   0.6418   0.6680   0.2830 r PC
 3.00  4300.  0.0  2.0   0.6402   0.6374   0.2941 r PC
 3.50  4300.  0.0  2.0   0.6356   0.6228   0.2388 r PC
 4.00  4300.  0.0  2.0   0.6341   0.6131   0.2315 r PC
 4.50  4300.  0.0  2.0   0.6222   0.5873   0.2683 r PC
 5.00  4300.  0.0  2.0   0.5724   0.5170   0.3641 r PC
 5.50  4300.  0.0  2.0   0.5094   0.4380   0.4445 r PC
 6.00  4300.  0.0  2.0   0.4554   0.3758   0.4903 r PC
 2.50  4400.  0.0  2.0   0.6344   0.6568   0.3013 r PC
 3.00  4400.  0.0  2.0   0.6324   0.6268   0.3076 r PC
 3.50  4400.  0.0  2.0   0.6278   0.6128   0.2520 r PC
 4.00  4400.  0.0  2.0   0.6277   0.6050   0.2432 r PC
 4.50  4400.  0.0  2.0   0.6266   0.5974   0.2446 r PC
 5.00  4400.  0.0  2.0   0.5868   0.5424   0.2885 r PC
 5.50  4400.  0.0  2.0   0.5312   0.4679   0.3945 r PC
 6.00  4400.  0.0  2.0   0.4780   0.4015   0.4693 r PC
 2.50  4500.  0.0  2.0   0.6266   0.6458   0.3146 r PC
 3.00  4500.  0.0  2.0   0.6229   0.6155   0.3140 r PC
 3.50  4500.  0.0  2.0   0.6201   0.6028   0.2624 r PC
 4.00  4500.  0.0  2.0   0.6199   0.5953   0.2521 r PC
 4.50  4500.  0.0  2.0   0.6202   0.5910   0.2512 r PC
 5.00  4500.  0.0  2.0   0.6063   0.5664   0.2604 r PC
 5.50  4500.  0.0  2.0   0.5594   0.5023   0.3534 r PC
 6.00  4500.  0.0  2.0   0.4984   0.4284   0.4280 r PC
 2.50  4600.  0.0  2.0   0.6182   0.6350   0.3239 r PC
 3.00  4600.  0.0  2.0   0.6168   0.6061   0.3294 r PC
 3.50  4600.  0.0  2.0   0.6120   0.5928   0.2713 r PC
 4.00  4600.  0.0  2.0   0.6122   0.5857   0.2622 r PC
 4.50  4600.  0.0  2.0   0.6110   0.5818   0.2296 r PC
 5.00  4600.  0.0  2.0   0.6106   0.5758   0.2311 r PC
 5.50  4600.  0.0  2.0   0.5770   0.5274   0.3030 r PC
 6.00  4600.  0.0  2.0   0.5226   0.4587   0.3894 r PC
 2.50  4700.  0.0  2.0   0.6081   0.6244   0.3229 r PC
 3.00  4700.  0.0  2.0   0.6083   0.5962   0.3359 r PC
 3.50  4700.  0.0  2.0   0.6038   0.5829   0.2797 r PC
 4.00  4700.  0.0  2.0   0.6043   0.5760   0.2698 r PC
 4.50  4700.  0.0  2.0   0.6036   0.5724   0.2394 r PC
 5.00  4700.  0.0  2.0   0.6055   0.5713   0.2315 r PC
 5.50  4700.  0.0  2.0   0.5929   0.5475   0.2726 r PC
 6.00  4700.  0.0  2.0   0.5487   0.4896   0.3545 r PC
 2.50  4800.  0.0  2.0   0.6012   0.6161   0.3330 r PC
 3.00  4800.  0.0  2.0   0.5995   0.5866   0.3422 r PC
 3.50  4800.  0.0  2.0   0.5953   0.5734   0.2856 r PC
 4.00  4800.  0.0  2.0   0.5962   0.5666   0.2772 r PC
 4.50  4800.  0.0  2.0   0.5960   0.5631   0.2475 r PC
 5.00  4800.  0.0  2.0   0.5990   0.5640   0.2366 r PC
 5.50  4800.  0.0  2.0   0.5968   0.5565   0.2383 r PC
 6.00  4800.  0.0  2.0   0.5639   0.5117   0.3041 r PC
 2.50  4900.  0.0  2.0   0.5926   0.6081   0.3381 r PC
 3.00  4900.  0.0  2.0   0.5908   0.5779   0.3471 r PC
 3.50  4900.  0.0  2.0   0.5868   0.5642   0.2908 r PC
 4.00  4900.  0.0  2.0   0.5870   0.5568   0.2798 r PC
 4.50  4900.  0.0  2.0   0.5885   0.5539   0.2559 r PC
 5.00  4900.  0.0  2.0   0.5917   0.5549   0.2454 r PC
 5.50  4900.  0.0  2.0   0.5926   0.5529   0.2405 r PC
 6.00  4900.  0.0  2.0   0.5784   0.5278   0.2919 r PC
 2.50  5100.  0.0  2.0   0.5736   0.5998   0.3508 r PC
 3.00  5100.  0.0  2.0   0.5712   0.5645   0.3536 r PC
 3.50  5100.  0.0  2.0   0.5656   0.5481   0.2875 r PC
 4.00  5100.  0.0  2.0   0.5662   0.5353   0.2944 r PC
 4.50  5100.  0.0  2.0   0.5669   0.5322   0.2634 r PC
 5.00  5100.  0.0  2.0   0.5705   0.5319   0.2557 r PC
 5.50  5100.  0.0  2.0   0.5727   0.5337   0.2378 r PC
 6.00  5100.  0.0  2.0   0.5719   0.5278   0.2509 r PC
 2.50  5200.  0.0  2.0   0.5678   0.5939   0.3542 r PC
 3.00  5200.  0.0  2.0   0.5645   0.5579   0.3555 r PC
 3.50  5200.  0.0  2.0   0.5584   0.5410   0.2880 r PC
 4.00  5200.  0.0  2.0   0.5584   0.5269   0.2979 r PC
 4.50  5200.  0.0  2.0   0.5590   0.5234   0.2676 r PC
 5.00  5200.  0.0  2.0   0.5625   0.5228   0.2611 r PC
 5.50  5200.  0.0  2.0   0.5649   0.5246   0.2439 r PC
 6.00  5200.  0.0  2.0   0.5660   0.5205   0.2579 r PC
 2.50  5300.  0.0  2.0   0.5609   0.5877   0.3611 r PC
 3.00  5300.  0.0  2.0   0.5571   0.5514   0.3535 r PC
 3.50  5300.  0.0  2.0   0.5508   0.5307   0.3001 r PC
 4.00  5300.  0.0  2.0   0.5511   0.5192   0.2998 r PC
 4.50  5300.  0.0  2.0   0.5512   0.5150   0.2705 r PC
 5.00  5300.  0.0  2.0   0.5543   0.5138   0.2640 r PC
 5.50  5300.  0.0  2.0   0.5582   0.5149   0.2582 r PC
 6.00  5300.  0.0  2.0   0.5573   0.5106   0.2630 r PC
 2.50  5400.  0.0  2.0   0.5561   0.5831   0.3656 r PC
 3.00  5400.  0.0  2.0   0.5510   0.5454   0.3582 r PC
 3.50  5400.  0.0  2.0   0.5439   0.5243   0.2978 r PC
 4.00  5400.  0.0  2.0   0.5437   0.5120   0.3001 r PC
 4.50  5400.  0.0  2.0   0.5437   0.5071   0.2720 r PC
 5.00  5400.  0.0  2.0   0.5455   0.5049   0.2626 r PC
 5.50  5400.  0.0  2.0   0.5455   0.4992   0.2719 r PC
 6.00  5400.  0.0  2.0   0.5489   0.5007   0.2698 r PC
 2.50  5500.  0.0  2.0   0.5495   0.5798   0.3671 r PC
 3.00  5500.  0.0  2.0   0.5430   0.5393   0.3643 r PC
 3.50  5500.  0.0  2.0   0.5379   0.5183   0.3024 r PC
 4.00  5500.  0.0  2.0   0.5372   0.5054   0.3029 r PC
 4.50  5500.  0.0  2.0   0.5358   0.4993   0.2709 r PC
 5.00  5500.  0.0  2.0   0.5381   0.4970   0.2646 r PC
 5.50  5500.  0.0  2.0   0.5374   0.4898   0.2783 r PC
 6.00  5500.  0.0  2.0   0.5404   0.4909   0.2758 r PC
 2.50  5600.  0.0  2.0   0.5434   0.5762   0.3697 r PC
 3.00  5600.  0.0  2.0   0.5334   0.5347   0.2899 r PC
 3.50  5600.  0.0  2.0   0.5323   0.5126   0.3049 r PC
 4.00  5600.  0.0  2.0   0.5310   0.4991   0.3047 r PC
 4.50  5600.  0.0  2.0   0.5291   0.4924   0.2717 r PC
 5.00  5600.  0.0  2.0   0.5267   0.4814   0.2831 r PC
 5.50  5600.  0.0  2.0   0.5284   0.4802   0.2799 r PC
 6.00  5600.  0.0  2.0   0.5319   0.4813   0.2811 r PC
 2.50  5700.  0.0  2.0   0.5375   0.5718   0.3714 r PC
 3.00  5700.  0.0  2.0   0.5339   0.5303   0.3718 r PC
 3.50  5700.  0.0  2.0   0.5265   0.5072   0.3051 r PC
 4.00  5700.  0.0  2.0   0.5247   0.4930   0.3032 r PC
 4.50  5700.  0.0  2.0   0.5229   0.4859   0.2739 r PC
 5.00  5700.  0.0  2.0   0.5192   0.4733   0.2856 r PC
 5.50  5700.  0.0  2.0   0.5203   0.4713   0.2831 r PC
 6.00  5700.  0.0  2.0   0.5236   0.4720   0.2853 r PC
 2.50  5800.  0.0  2.0   0.5330   0.5701   0.3780 r PC
 3.00  5800.  0.0  2.0   0.5227   0.5255   0.2959 r PC
 3.50  5800.  0.0  2.0   0.5237   0.5052   0.3061 r PC
 4.00  5800.  0.0  2.0   0.5190   0.4873   0.3049 r PC
 4.50  5800.  0.0  2.0   0.5128   0.4721   0.2896 r PC
 5.00  5800.  0.0  2.0   0.5119   0.4655   0.2881 r PC
 5.50  5800.  0.0  2.0   0.5126   0.4628   0.2857 r PC
 6.00  5800.  0.0  2.0   0.5154   0.4631   0.2884 r PC
 2.50  5900.  0.0  2.0   0.5266   0.5651   0.3806 r PC
 3.00  5900.  0.0  2.0   0.5174   0.5205   0.2977 r PC
 3.50  5900.  0.0  2.0   0.5159   0.4968   0.3111 r PC
 4.00  5900.  0.0  2.0   0.5134   0.4816   0.3064 r PC
 4.50  5900.  0.0  2.0   0.5090   0.4683   0.2891 r PC
 5.00  5900.  0.0  2.0   0.5050   0.4581   0.2900 r PC
 5.50  5900.  0.0  2.0   0.5075   0.4576   0.2856 r PC
 6.00  5900.  0.0  2.0   0.5073   0.4545   0.2898 r PC
 2.50  6000.  0.0  2.0   0.5217   0.5592   0.3826 r PC
 3.00  6000.  0.0  2.0   0.5119   0.5155   0.2981 r PC
 3.50  6000.  0.0  2.0   0.5105   0.4920   0.3106 r PC
 4.00  6000.  0.0  2.0   0.5080   0.4762   0.3077 r PC
 4.50  6000.  0.0  2.0   0.5003   0.4590   0.2934 r PC
 5.00  6000.  0.0  2.0   0.4983   0.4511   0.2906 r PC
 5.50  6000.  0.0  2.0   0.4977   0.4472   0.2879 r PC
 6.00  6000.  0.0  2.0   0.5017   0.4486   0.2906 r PC
 2.50  6100.  0.0  2.0   0.5144   0.5569   0.3847 r PC
 3.00  6100.  0.0  2.0   0.5067   0.5105   0.2999 r PC
 3.50  6100.  0.0  2.0   0.5064   0.4887   0.3108 r PC
 4.00  6100.  0.0  2.0   0.5046   0.4729   0.3071 r PC
 4.50  6100.  0.0  2.0   0.4945   0.4528   0.2949 r PC
 5.00  6100.  0.0  2.0   0.4940   0.4469   0.2904 r PC
 5.50  6100.  0.0  2.0   0.4910   0.4401   0.2896 r PC
 6.00  6100.  0.0  2.0   0.4889   0.4321   0.3099 r PC
 2.50  6200.  0.0  2.0   0.5107   0.5510   0.3853 r PC
 3.00  6200.  0.0  2.0   0.5012   0.5053   0.3012 r PC
 3.50  6200.  0.0  2.0   0.5000   0.4826   0.3120 r PC
 4.00  6200.  0.0  2.0   0.4992   0.4676   0.3079 r PC
 4.50  6200.  0.0  2.0   0.4888   0.4471   0.2951 r PC
 5.00  6200.  0.0  2.0   0.4878   0.4404   0.2913 r PC
 5.50  6200.  0.0  2.0   0.4818   0.4277   0.3062 r PC
 6.00  6200.  0.0  2.0   0.4784   0.4205   0.3170 r PC
 2.50  6300.  0.0  2.0   0.5019   0.5475   0.3876 r PC
 3.00  6300.  0.0  2.0   0.4956   0.5004   0.3014 r PC
 3.50  6300.  0.0  2.0   0.4949   0.4789   0.3093 r PC
 4.00  6300.  0.0  2.0   0.4927   0.4612   0.3091 r PC
 4.50  6300.  0.0  2.0   0.4848   0.4431   0.2947 r PC
 5.00  6300.  0.0  2.0   0.4796   0.4326   0.2895 r PC
 5.50  6300.  0.0  2.0   0.4729   0.4179   0.3119 r PC
 6.00  6300.  0.0  2.0   0.4708   0.4121   0.3208 r PC
 2.50  6400.  0.0  2.0   0.4994   0.5418   0.3896 r PC
 3.00  6400.  0.0  2.0   0.4961   0.4955   0.3880 r PC
 3.50  6400.  0.0  2.0   0.4892   0.4735   0.3106 r PC
 4.00  6400.  0.0  2.0   0.4877   0.4564   0.3091 r PC
 4.50  6400.  0.0  2.0   0.4783   0.4370   0.2938 r PC
 5.00  6400.  0.0  2.0   0.4746   0.4275   0.2914 r PC
 5.50  6400.  0.0  2.0   0.4648   0.4095   0.3137 r PC
 6.00  6400.  0.0  2.0   0.4635   0.4043   0.3238 r PC
 2.50  6500.  0.0  2.0   0.4937   0.5368   0.3928 r PC
 3.00  6500.  0.0  2.0   0.4908   0.4910   0.3909 r PC
 3.50  6500.  0.0  2.0   0.4834   0.4683   0.3118 r PC
 4.00  6500.  0.0  2.0   0.4828   0.4517   0.3104 r PC
 4.50  6500.  0.0  2.0   0.4744   0.4337   0.2929 r PC
 5.00  6500.  0.0  2.0   0.4695   0.4227   0.2907 r PC
 5.50  6500.  0.0  2.0   0.4600   0.4046   0.3143 r PC
 6.00  6500.  0.0  2.0   0.4562   0.3972   0.3227 r PC
 2.50  6600.  0.0  2.0   0.4874   0.5301   0.3960 r PC
 3.00  6600.  0.0  2.0   0.4854   0.4862   0.3946 r PC
 3.50  6600.  0.0  2.0   0.4787   0.4635   0.3139 r PC
 4.00  6600.  0.0  2.0   0.4774   0.4466   0.3110 r PC
 4.50  6600.  0.0  2.0   0.4689   0.4282   0.2944 r PC
 5.00  6600.  0.0  2.0   0.4648   0.4182   0.2898 r PC
 5.50  6600.  0.0  2.0   0.4533   0.3978   0.3145 r PC
 6.00  6600.  0.0  2.0   0.4496   0.3905   0.3240 r PC
 2.50  6700.  0.0  2.0   0.4821   0.5234   0.3992 r PC
 3.00  6700.  0.0  2.0   0.4801   0.4812   0.3975 r PC
 3.50  6700.  0.0  2.0   0.4722   0.4571   0.3166 r PC
 4.00  6700.  0.0  2.0   0.4726   0.4423   0.3123 r PC
 4.50  6700.  0.0  2.0   0.4644   0.4242   0.2941 r PC
 5.00  6700.  0.0  2.0   0.4601   0.4139   0.2889 r PC
 5.50  6700.  0.0  2.0   0.4482   0.3927   0.3142 r PC
 6.00  6700.  0.0  2.0   0.4436   0.3843   0.3248 r PC
 2.50  6800.  0.0  2.0   0.4732   0.5167   0.4070 r PC
 3.00  6800.  0.0  2.0   0.4744   0.4752   0.4005 r PC
 3.50  6800.  0.0  2.0   0.4664   0.4512   0.3205 r PC
 4.00  6800.  0.0  2.0   0.4675   0.4378   0.3140 r PC
 4.50  6800.  0.0  2.0   0.4601   0.4204   0.2934 r PC
 5.00  6800.  0.0  2.0   0.4559   0.4099   0.2879 r PC
 5.50  6800.  0.0  2.0   0.4434   0.3880   0.3137 r PC
 6.00  6800.  0.0  2.0   0.4381   0.3788   0.3251 r PC
 2.50  6900.  0.0  2.0   0.4684   0.5104   0.4094 r PC
 3.00  6900.  0.0  2.0   0.4688   0.4694   0.4051 r PC
 3.50  6900.  0.0  2.0   0.4631   0.4472   0.3223 r PC
 4.00  6900.  0.0  2.0   0.4624   0.4330   0.3160 r PC
 4.50  6900.  0.0  2.0   0.4559   0.4167   0.2926 r PC
 5.00  6900.  0.0  2.0   0.4518   0.4059   0.2876 r PC
 5.50  6900.  0.0  2.0   0.4391   0.3839   0.3128 r PC
 6.00  6900.  0.0  2.0   0.4328   0.3736   0.3248 r PC
 2.50  7000.  0.0  2.0   0.4654   0.5045   0.4142 r PC
 3.00  7000.  0.0  2.0   0.4630   0.4633   0.4078 r PC
 3.50  7000.  0.0  2.0   0.4576   0.4415   0.3250 r PC
 4.00  7000.  0.0  2.0   0.4574   0.4279   0.3185 r PC
 4.50  7000.  0.0  2.0   0.4517   0.4126   0.2930 r PC
 5.00  7000.  0.0  2.0   0.4477   0.4021   0.2872 r PC
 5.50  7000.  0.0  2.0   0.4348   0.3797   0.3123 r PC
 6.00  7000.  0.0  2.0   0.4280   0.3688   0.3245 r PC
 2.50  7200.  0.0  2.0   0.4530   0.4914   0.4242 r PC
 3.00  7200.  0.0  2.0   0.4508   0.4509   0.4166 r PC
 3.50  7200.  0.0  2.0   0.4463   0.4298   0.3308 r PC
 4.00  7200.  0.0  2.0   0.4452   0.4155   0.3250 r PC
 4.50  7200.  0.0  2.0   0.4426   0.4041   0.2933 r PC
 5.00  7200.  0.0  2.0   0.4391   0.3941   0.2855 r PC
 5.50  7200.  0.0  2.0   0.4270   0.3724   0.3102 r PC
 6.00  7200.  0.0  2.0   0.4192   0.3603   0.3227 r PC
 2.50  7400.  0.0  2.0   0.4431   0.4797   0.4325 r PC
 3.00  7400.  0.0  2.0   0.4401   0.4389   0.4244 r PC
 3.50  7400.  0.0  2.0   0.4348   0.4177   0.3376 r PC
 4.00  7400.  0.0  2.0   0.4354   0.4052   0.3290 r PC
 4.50  7400.  0.0  2.0   0.4219   0.3806   0.3106 r PC
 5.00  7400.  0.0  2.0   0.4312   0.3863   0.2862 r PC
 5.50  7400.  0.0  2.0   0.4196   0.3657   0.3090 r PC
 6.00  7400.  0.0  2.0   0.4114   0.3528   0.3210 r PC
 2.50  7600.  0.0  2.0   0.4324   0.4693   0.4408 r PC
 3.00  7600.  0.0  2.0   0.4281   0.4269   0.4323 r PC
 3.50  7600.  0.0  2.0   0.4231   0.4062   0.3441 r PC
 4.00  7600.  0.0  2.0   0.4170   0.3826   0.3499 r PC
 4.50  7600.  0.0  2.0   0.4263   0.3858   0.3387 r PC
 5.00  7600.  0.0  2.0   0.4228   0.3783   0.2860 r PC
 5.50  7600.  0.0  2.0   0.4125   0.3590   0.3076 r PC
 6.00  7600.  0.0  2.0   0.4043   0.3459   0.3198 r PC
 2.50  7800.  0.0  2.0   0.4227   0.4550   0.4469 r PC
 3.00  7800.  0.0  2.0   0.4171   0.4166   0.4385 r PC
 3.50  7800.  0.0  2.0   0.4065   0.3896   0.3551 r PC
 4.00  7800.  0.0  2.0   0.4142   0.3823   0.3409 r PC
 4.50  7800.  0.0  2.0   0.4159   0.3758   0.3414 r PC
 5.00  7800.  0.0  2.0   0.4138   0.3701   0.2872 r PC
 5.50  7800.  0.0  2.0   0.4053   0.3524   0.3058 r PC
 6.00  7800.  0.0  2.0   0.3975   0.3395   0.3178 r PC
 2.50  8000.  0.0  2.0   0.4130   0.4503   0.4525 r PC
 3.00  8000.  0.0  2.0   0.4068   0.4074   0.4440 r PC
 3.50  8000.  0.0  2.0   0.3994   0.3850   0.3550 r PC
 4.00  8000.  0.0  2.0   0.4024   0.3715   0.3434 r PC
 4.50  8000.  0.0  2.0   0.4052   0.3664   0.3443 r PC
 5.00  8000.  0.0  2.0   0.4048   0.3620   0.2887 r PC
 5.50  8000.  0.0  2.0   0.3845   0.3341   0.3001 r PC
 6.00  8000.  0.0  2.0   0.3908   0.3334   0.3168 r PC
 2.50  8200.  0.0  2.0   0.4062   0.4489   0.4659 r PC
 3.00  8200.  0.0  2.0   0.3967   0.3987   0.4492 r PC
 3.50  8200.  0.0  2.0   0.3930   0.3749   0.4423 r PC
 4.00  8200.  0.0  2.0   0.3898   0.3615   0.3451 r PC
 4.50  8200.  0.0  2.0   0.3933   0.3556   0.3458 r PC
 5.00  8200.  0.0  2.0   0.3933   0.3513   0.2886 r PC
 5.50  8200.  0.0  2.0   0.3779   0.3279   0.3001 r PC
 6.00  8200.  0.0  2.0   0.3843   0.3271   0.3174 r PC
 2.50  8400.  0.0  2.0   0.4007   0.4537   0.4721 r PC
 3.00  8400.  0.0  2.0   0.3882   0.3945   0.4520 r PC
 3.50  8400.  0.0  2.0   0.3829   0.3659   0.4442 r PC
 4.00  8400.  0.0  2.0   0.3785   0.3520   0.3458 r PC
 4.50  8400.  0.0  2.0   0.3813   0.3444   0.3466 r PC
 5.00  8400.  0.0  2.0   0.3829   0.3413   0.2899 r PC
 5.50  8400.  0.0  2.0   0.3749   0.3258   0.2970 r PC
 6.00  8400.  0.0  2.0   0.3777   0.3217   0.3139 r PC
 2.50  8600.  0.0  2.0   0.3980   0.4555   0.4817 r PC
 3.00  8600.  0.0  2.0   0.3820   0.3938   0.4555 r PC
 3.50  8600.  0.0  2.0   0.3744   0.3604   0.4464 r PC
 4.00  8600.  0.0  2.0   0.3659   0.3401   0.3461 r PC
 4.50  8600.  0.0  2.0   0.3700   0.3336   0.3480 r PC
 5.00  8600.  0.0  2.0   0.3719   0.3307   0.2912 r PC
 5.50  8600.  0.0  2.0   0.3758   0.3304   0.2791 r PC
 6.00  8600.  0.0  2.0   0.3711   0.3164   0.3102 r PC
 2.50  8800.  0.0  2.0   0.3976   0.4608   0.4981 r PC
 3.00  8800.  0.0  2.0   0.3779   0.3932   0.4606 r PC
 3.50  8800.  0.0  2.0   0.3679   0.3593   0.4485 r PC
 4.00  8800.  0.0  2.0   0.3575   0.3332   0.3459 r PC
 4.50  8800.  0.0  2.0   0.3594   0.3239   0.3475 r PC
 5.00  8800.  0.0  2.0   0.3621   0.3197   0.3219 r PC
 5.50  8800.  0.0  2.0   0.3655   0.3208   0.2788 r PC
 6.00  8800.  0.0  2.0   0.3641   0.3104   0.3065 r PC
 2.50  9000.  0.0  2.0   0.3981   0.4687   0.5155 r PC
 3.00  9000.  0.0  2.0   0.3763   0.3959   0.4709 r PC
 3.50  9000.  0.0  2.0   0.3632   0.3567   0.4507 r PC
 4.00  9000.  0.0  2.0   0.3507   0.3290   0.3436 r PC
 4.50  9000.  0.0  2.0   0.3490   0.3161   0.3454 r PC
 5.00  9000.  0.0  2.0   0.3515   0.3103   0.3191 r PC
 5.50  9000.  0.0  2.0   0.3550   0.3108   0.2805 r PC
 6.00  9000.  0.0  2.0   0.3572   0.3051   0.3012 r PC
 2.50  9200.  0.0  2.0   0.3993   0.4726   0.5364 r PC
 3.00  9200.  0.0  2.0   0.3754   0.3988   0.4807 r PC
 3.50  9200.  0.0  2.0   0.3604   0.3544   0.4557 r PC
 4.00  9200.  0.0  2.0   0.3459   0.3267   0.3443 r PC
 4.50  9200.  0.0  2.0   0.3424   0.3113   0.3443 r PC
 5.00  9200.  0.0  2.0   0.3427   0.3030   0.3198 r PC
 5.50  9200.  0.0  2.0   0.3440   0.3014   0.2803 r PC
 6.00  9200.  0.0  2.0   0.3495   0.2998   0.2922 r PC
 2.50  9400.  0.0  2.0   0.4011   0.4788   0.5615 r PC
 3.00  9400.  0.0  2.0   0.3754   0.3997   0.4949 r PC
 3.50  9400.  0.0  2.0   0.3591   0.3542   0.4639 r PC
 4.00  9400.  0.0  2.0   0.3425   0.3246   0.3448 r PC
 4.50  9400.  0.0  2.0   0.3373   0.3071   0.3433 r PC
 5.00  9400.  0.0  2.0   0.3343   0.2958   0.3187 r PC
 5.50  9400.  0.0  2.0   0.3355   0.2937   0.2800 r PC
 6.00  9400.  0.0  2.0   0.3370   0.2899   0.2856 r PC
 2.50  9600.  0.0  2.0   0.4029   0.4848   0.5887 r PC
 3.00  9600.  0.0  2.0   0.3753   0.3996   0.5114 r PC
 3.50  9600.  0.0  2.0   0.3581   0.3556   0.4725 r PC
 4.00  9600.  0.0  2.0   0.3402   0.3226   0.3469 r PC
 4.50  9600.  0.0  2.0   0.3349   0.3048   0.3447 r PC
 5.00  9600.  0.0  2.0   0.3291   0.2911   0.3194 r PC
 5.50  9600.  0.0  2.0   0.3292   0.2870   0.2908 r PC
 6.00  9600.  0.0  2.0   0.3325   0.2874   0.2785 r PC
 2.50  9800.  0.0  2.0   0.4044   0.4875   0.6202 r PC
 3.00  9800.  0.0  2.0   0.3756   0.4000   0.5311 r PC
 3.50  9800.  0.0  2.0   0.3578   0.3563   0.4856 r PC
 4.00  9800.  0.0  2.0   0.3388   0.3210   0.3518 r PC
 4.50  9800.  0.0  2.0   0.3313   0.3012   0.3468 r PC
 5.00  9800.  0.0  2.0   0.3251   0.2873   0.3206 r PC
 5.50  9800.  0.0  2.0   0.3220   0.2799   0.2916 r PC
 6.00  9800.  0.0  2.0   0.3249   0.2803   0.2789 r PC
 2.50 10000.  0.0  2.0   0.3880   0.4893   0.4701 r PC
 3.00 10000.  0.0  2.0   0.3756   0.4009   0.5510 r PC
 3.50 10000.  0.0  2.0   0.3499   0.3555   0.3883 r PC
 4.00 10000.  0.0  2.0   0.3380   0.3196   0.3591 r PC
 4.50 10000.  0.0  2.0   0.3295   0.2993   0.3504 r PC
 5.00 10000.  0.0  2.0   0.3222   0.2842   0.3233 r PC
 5.50 10000.  0.0  2.0   0.3177   0.2756   0.2934 r PC
 6.00 10000.  0.0  2.0   0.3190   0.2748   0.2793 r PC
 2.50 10200.  0.0  2.0   0.3876   0.4924   0.4944 r PC
 3.00 10200.  0.0  2.0   0.3640   0.4020   0.4309 r PC
 3.50 10200.  0.0  2.0   0.3493   0.3545   0.3999 r PC
 4.00 10200.  0.0  2.0   0.3372   0.3182   0.3658 r PC
 4.50 10200.  0.0  2.0   0.3282   0.2976   0.3551 r PC
 5.00 10200.  0.0  2.0   0.3200   0.2818   0.3272 r PC
 5.50 10200.  0.0  2.0   0.3142   0.2721   0.2961 r PC
 6.00 10200.  0.0  2.0   0.3135   0.2693   0.2810 r PC
 2.50 10400.  0.0  2.0   0.3866   0.4945   0.5181 r PC
 3.00 10400.  0.0  2.0   0.3624   0.4014   0.4475 r PC
 3.50 10400.  0.0  2.0   0.3482   0.3527   0.4114 r PC
 4.00 10400.  0.0  2.0   0.3364   0.3168   0.3741 r PC
 4.50 10400.  0.0  2.0   0.3273   0.2962   0.3608 r PC
 5.00 10400.  0.0  2.0   0.3185   0.2798   0.3321 r PC
 5.50 10400.  0.0  2.0   0.3116   0.2692   0.2995 r PC
 6.00 10400.  0.0  2.0   0.3084   0.2640   0.2838 r PC
 2.50 10600.  0.0  2.0   0.3851   0.4944   0.5390 r PC
 3.00 10600.  0.0  2.0   0.3604   0.3994   0.4640 r PC
 3.50 10600.  0.0  2.0   0.3467   0.3504   0.4244 r PC
 4.00 10600.  0.0  2.0   0.3354   0.3151   0.3836 r PC
 4.50 10600.  0.0  2.0   0.3265   0.2947   0.3674 r PC
 5.00 10600.  0.0  2.0   0.3173   0.2782   0.3379 r PC
 5.50 10600.  0.0  2.0   0.3096   0.2668   0.3035 r PC
 6.00 10600.  0.0  2.0   0.3053   0.2609   0.2863 r PC
 2.50 10800.  0.0  2.0   0.3830   0.4931   0.5585 r PC
 3.00 10800.  0.0  2.0   0.3579   0.3967   0.4796 r PC
 3.50 10800.  0.0  2.0   0.3447   0.3478   0.4374 r PC
 4.00 10800.  0.0  2.0   0.3340   0.3140   0.3933 r PC
 4.50 10800.  0.0  2.0   0.3256   0.2931   0.3747 r PC
 5.00 10800.  0.0  2.0   0.3164   0.2766   0.3446 r PC
 5.50 10800.  0.0  2.0   0.3080   0.2648   0.3081 r PC
 6.00 10800.  0.0  2.0   0.3027   0.2582   0.2891 r PC
 2.50 11000.  0.0  2.0   0.3805   0.4911   0.5752 r PC
 3.00 11000.  0.0  2.0   0.3547   0.3937   0.4932 r PC
 3.50 11000.  0.0  2.0   0.3420   0.3458   0.4490 r PC
 4.00 11000.  0.0  2.0   0.3322   0.3138   0.4033 r PC
 4.50 11000.  0.0  2.0   0.3244   0.2918   0.3824 r PC
 5.00 11000.  0.0  2.0   0.3155   0.2750   0.3518 r PC
 5.50 11000.  0.0  2.0   0.3067   0.2630   0.3132 r PC
 6.00 11000.  0.0  2.0   0.3006   0.2559   0.2922 r PC
 2.50 11200.  0.0  2.0   0.3778   0.4891   0.5894 r PC
 3.00 11200.  0.0  2.0   0.3511   0.3911   0.5046 r PC
 3.50 11200.  0.0  2.0   0.3387   0.3455   0.4603 r PC
 4.00 11200.  0.0  2.0   0.3298   0.3128   0.4134 r PC
 4.50 11200.  0.0  2.0   0.3228   0.2918   0.3902 r PC
 5.00 11200.  0.0  2.0   0.3144   0.2734   0.3594 r PC
 5.50 11200.  0.0  2.0   0.3045   0.2613   0.3034 r PC
 6.00 11200.  0.0  2.0   0.3013   0.2558   0.2989 r PC
 2.50 11400.  0.0  2.0   0.3753   0.4883   0.6027 r PC
 3.00 11400.  0.0  2.0   0.3470   0.3896   0.5146 r PC
 3.50 11400.  0.0  2.0   0.3320   0.3370   0.4646 r PC
 4.00 11400.  0.0  2.0   0.3267   0.3098   0.4218 r PC
 4.50 11400.  0.0  2.0   0.3207   0.2906   0.3978 r PC
 5.00 11400.  0.0  2.0   0.3133   0.2718   0.3666 r PC
 5.50 11400.  0.0  2.0   0.3059   0.2616   0.3107 r PC
 6.00 11400.  0.0  2.0   0.2998   0.2539   0.3020 r PC
 2.50 11600.  0.0  2.0   0.3727   0.4885   0.6134 r PC
 3.00 11600.  0.0  2.0   0.3427   0.3891   0.5226 r PC
 3.50 11600.  0.0  2.0   0.3278   0.3345   0.4712 r PC
 4.00 11600.  0.0  2.0   0.3190   0.3020   0.4232 r PC
 4.50 11600.  0.0  2.0   0.3181   0.2879   0.4041 r PC
 5.00 11600.  0.0  2.0   0.3058   0.2655   0.3659 r PC
 5.50 11600.  0.0  2.0   0.3018   0.2579   0.3106 r PC
 6.00 11600.  0.0  2.0   0.2983   0.2521   0.3049 r PC
 2.50 11800.  0.0  2.0   0.3705   0.4895   0.6225 r PC
 3.00 11800.  0.0  2.0   0.3389   0.3880   0.5290 r PC
 3.50 11800.  0.0  2.0   0.3260   0.3378   0.4820 r PC
 4.00 11800.  0.0  2.0   0.3149   0.2985   0.4284 r PC
 4.50 11800.  0.0  2.0   0.3149   0.2847   0.4100 r PC
 5.00 11800.  0.0  2.0   0.3031   0.2627   0.3707 r PC
 5.50 11800.  0.0  2.0   0.3031   0.2582   0.3172 r PC
 6.00 11800.  0.0  2.0   0.2969   0.2504   0.3071 r PC
 2.50 12000.  0.0  2.0   0.3685   0.4905   0.6314 r PC
 3.00 12000.  0.0  2.0   0.3349   0.3861   0.5339 r PC
 3.50 12000.  0.0  2.0   0.3214   0.3346   0.4860 r PC
 4.00 12000.  0.0  2.0   0.3106   0.2947   0.4325 r PC
 4.50 12000.  0.0  2.0   0.3112   0.2812   0.4142 r PC
 5.00 12000.  0.0  2.0   0.3000   0.2598   0.3746 r PC
 5.50 12000.  0.0  2.0   0.3013   0.2564   0.3193 r PC
 6.00 12000.  0.0  2.0   0.2952   0.2486   0.3090 r PC
