 2.50  1500.  0.0  2.0   1.2909   -0.3807    1.2102   -0.2134    0.0398  q PD
 3.00  1500.  0.0  2.0   1.1961   -0.3121    1.1173   -0.1530    0.0420  q PD
 3.50  1500.  0.0  2.0   1.2359   -0.3686    1.1642   -0.2298    0.0491  q PD
 4.00  1500.  0.0  2.0   1.3410   -0.4786    1.2888   -0.3749    0.0615  q PD
 4.50  1500.  0.0  2.0   1.8119   -1.0014    1.7864   -0.9145    0.1444  q PD
 5.00  1500.  0.0  2.0   1.6354   -0.7874    1.5836   -0.6861    0.0451  q PD
 5.50  1500.  0.0  2.0   1.3417   -0.4997    1.3595   -0.5050    0.1561  q PD
 2.50  1600.  0.0  2.0   1.1639   -0.2535    1.0901   -0.0922    0.0062  q PD
 3.00  1600.  0.0  2.0   1.0994   -0.1913    1.0284   -0.0471    0.0304  q PD
 3.50  1600.  0.0  2.0   1.1372   -0.2481    1.0682   -0.1153    0.0479  q PD
 4.00  1600.  0.0  2.0   1.1439   -0.2615    1.0798   -0.1449    0.0653  q PD
 4.50  1600.  0.0  2.0   1.2051   -0.3375    1.1558   -0.2477    0.0518  q PD
 5.00  1600.  0.0  2.0   1.2100   -0.3503    1.1683   -0.2742    0.0560  q PD
 5.50  1600.  0.0  2.0   1.2634   -0.4091    1.2423   -0.3637    0.0754  q PD
 2.50  1700.  0.0  2.0   1.0287   -0.1149    0.9567    0.0468    0.0346  q PD
 3.00  1700.  0.0  2.0   1.0527   -0.1511    0.9839   -0.0065    0.0125  q PD
 3.50  1700.  0.0  2.0   1.0690   -0.1822    1.0065   -0.0561    0.0198  q PD
 4.00  1700.  0.0  2.0   1.0685   -0.1922    1.0125   -0.0847    0.0348  q PD
 4.50  1700.  0.0  2.0   1.0225   -0.1490    0.9753   -0.0629    0.0468  q PD
 5.00  1700.  0.0  2.0   1.0418   -0.1692    0.9958   -0.0891    0.0579  q PD
 5.50  1700.  0.0  2.0   1.1282   -0.2599    1.0885   -0.1917    0.0596  q PD
 2.50  1800.  0.0  2.0   1.0419   -0.1193    0.9671    0.0421    0.0330  q PD
 3.00  1800.  0.0  2.0   0.9929   -0.0864    0.9318    0.0482    0.0430  q PD
 3.50  1800.  0.0  2.0   0.9900   -0.1134    0.9293    0.0143    0.0216  q PD
 4.00  1800.  0.0  2.0   0.9915   -0.1253    0.9423   -0.0240    0.0122  q PD
 4.50  1800.  0.0  2.0   1.0114   -0.1483    0.9716   -0.0699    0.0141  q PD
 5.00  1800.  0.0  2.0   0.9887   -0.1269    0.9510   -0.0565    0.0279  q PD
 5.50  1800.  0.0  2.0   0.9874   -0.1252    0.9530   -0.0634    0.0343  q PD
 2.50  1900.  0.0  2.0   0.9795   -0.0793    0.8894    0.1153    0.0557  q PD
 3.00  1900.  0.0  2.0   0.9900   -0.0851    0.9186    0.0633    0.0282  q PD
 3.50  1900.  0.0  2.0   1.0100   -0.1418    0.9455   -0.0068    0.0305  q PD
 4.00  1900.  0.0  2.0   1.0288   -0.1793    0.9776   -0.0717    0.0345  q PD
 4.50  1900.  0.0  2.0   0.9579   -0.1122    0.9226   -0.0365    0.0308  q PD
 5.00  1900.  0.0  2.0   0.9451   -0.0914    0.9153   -0.0303    0.0053  q PD
 5.50  1900.  0.0  2.0   0.9109   -0.0561    0.8848   -0.0046    0.0062  q PD
 2.50  2000.  0.0  2.0   0.9356   -0.0248    0.8425    0.1717    0.0540  q PD
 3.00  2000.  0.0  2.0   0.9697   -0.0776    0.8871    0.0912    0.0438  q PD
 3.50  2000.  0.0  2.0   0.9628   -0.0782    0.8977    0.0536    0.0261  q PD
 4.00  2000.  0.0  2.0   0.9745   -0.1024    0.9187    0.0068    0.0263  q PD
 4.50  2000.  0.0  2.0   0.9960   -0.1341    0.9501   -0.0469    0.0293  q PD
 5.00  2000.  0.0  2.0   0.9493   -0.0995    0.9166   -0.0340    0.0204  q PD
 5.50  2000.  0.0  2.0   0.8832   -0.0370    0.8594    0.0125    0.0160  q PD
 2.50  2100.  0.0  2.0   0.8767    0.0242    0.7717    0.2452    0.0554  q PD
 3.00  2100.  0.0  2.0   0.9290   -0.0304    0.8438    0.1407    0.0532  q PD
 3.50  2100.  0.0  2.0   1.0004   -0.1157    0.9275    0.0262    0.0463  q PD
 4.00  2100.  0.0  2.0   0.9689   -0.0879    0.9123    0.0203    0.0348  q PD
 4.50  2100.  0.0  2.0   0.9622   -0.0981    0.9116   -0.0028    0.0348  q PD
 5.00  2100.  0.0  2.0   0.9337   -0.0787    0.8935   -0.0038    0.0319  q PD
 5.50  2100.  0.0  2.0   0.8817   -0.0305    0.8537    0.0240    0.0196  q PD
 2.50  2200.  0.0  2.0   0.8023    0.1277    0.7149    0.3146    0.0516  q PD
 3.00  2200.  0.0  2.0   0.7959    0.1185    0.7212    0.2730    0.0356  q PD
 3.50  2200.  0.0  2.0   0.9227   -0.0296    0.8487    0.1125    0.0590  q PD
 4.00  2200.  0.0  2.0   0.9513   -0.0571    0.8942    0.0490    0.0507  q PD
 4.50  2200.  0.0  2.0   0.9206   -0.0352    0.8713    0.0559    0.0441  q PD
 5.00  2200.  0.0  2.0   0.9249   -0.0649    0.8823    0.0128    0.0382  q PD
 5.50  2200.  0.0  2.0   0.8888   -0.0396    0.8554    0.0225    0.0308  q PD
 2.50  2300.  0.0  2.0   0.7666    0.2018    0.7021    0.3435    0.0522  q PD
 3.00  2300.  0.0  2.0   0.7853    0.1448    0.7117    0.2945    0.0628  q PD
 3.50  2300.  0.0  2.0   0.7919    0.1386    0.7358    0.2478    0.0558  q PD
 4.00  2300.  0.0  2.0   0.8854    0.0203    0.8280    0.1256    0.0641  q PD
 4.50  2300.  0.0  2.0   0.8576    0.0475    0.8142    0.1282    0.0403  q PD
 5.00  2300.  0.0  2.0   0.8368    0.0435    0.8010    0.1093    0.0336  q PD
 5.50  2300.  0.0  2.0   0.8103    0.0489    0.7803    0.1054    0.0185  q PD
 2.50  2400.  0.0  2.0   0.6596    0.3839    0.6517    0.4198    0.0661  q PD
 3.00  2400.  0.0  2.0   0.6636    0.3147    0.6253    0.4048    0.0228  q PD
 3.50  2400.  0.0  2.0   0.6927    0.2664    0.6567    0.3435    0.0143  q PD
 4.00  2400.  0.0  2.0   0.7226    0.2213    0.6896    0.2895    0.0085  q PD
 4.50  2400.  0.0  2.0   0.7947    0.1349    0.7596    0.2002    0.0368  q PD
 5.00  2400.  0.0  2.0   0.7579    0.1457    0.7326    0.1944    0.0141  q PD
 5.50  2400.  0.0  2.0   0.7904    0.0899    0.7631    0.1403    0.0274  q PD
 2.50  2500.  0.0  2.0   0.6455    0.4127    0.6419    0.4450    0.0853  q PD
 3.00  2500.  0.0  2.0   0.5634    0.4498    0.5537    0.4926    0.0989  q PD
 3.50  2500.  0.0  2.0   0.5788    0.4019    0.5620    0.4516    0.0629  q PD
 4.00  2500.  0.0  2.0   0.6292    0.3319    0.6091    0.3804    0.0276  q PD
 4.50  2500.  0.0  2.0   0.6634    0.2812    0.6454    0.3220    0.0153  q PD
 5.00  2500.  0.0  2.0   0.7027    0.2237    0.6857    0.2604    0.0135  q PD
 5.50  2500.  0.0  2.0   0.7247    0.1784    0.7087    0.2116    0.0030  q PD
 2.50  2600.  0.0  2.0   0.6486    0.4029    0.6388    0.4516    0.0908  q PD
 3.00  2600.  0.0  2.0   0.5439    0.4643    0.5257    0.5262    0.0901  q PD
 3.50  2600.  0.0  2.0   0.4942    0.4824    0.4780    0.5377    0.0893  q PD
 4.00  2600.  0.0  2.0   0.5176    0.4428    0.5044    0.4859    0.0663  q PD
 4.50  2600.  0.0  2.0   0.5610    0.3867    0.5503    0.4198    0.0473  q PD
 5.00  2600.  0.0  2.0   0.6163    0.3167    0.6052    0.3473    0.0386  q PD
 5.50  2600.  0.0  2.0   0.6386    0.2777    0.6319    0.2987    0.0405  q PD
 2.50  2700.  0.0  2.0   0.5965    0.4409    0.5790    0.5120    0.1107  q PD
 3.00  2700.  0.0  2.0   0.5222    0.4811    0.5015    0.5509    0.0999  q PD
 3.50  2700.  0.0  2.0   0.4296    0.5375    0.4129    0.5995    0.1144  q PD
 4.00  2700.  0.0  2.0   0.4168    0.5307    0.4070    0.5754    0.1041  q PD
 4.50  2700.  0.0  2.0   0.4529    0.4854    0.4477    0.5156    0.0823  q PD
 5.00  2700.  0.0  2.0   0.5011    0.4258    0.4975    0.4487    0.0693  q PD
 5.50  2700.  0.0  2.0   0.5649    0.3482    0.5612    0.3680    0.0614  q PD
 2.50  2800.  0.0  2.0   0.5544    0.4706    0.5293    0.5649    0.1329  q PD
 3.00  2800.  0.0  2.0   0.4976    0.4938    0.4703    0.5813    0.1148  q PD
 3.50  2800.  0.0  2.0   0.3829    0.5648    0.3581    0.6488    0.1378  q PD
 4.00  2800.  0.0  2.0   0.3434    0.5756    0.3286    0.6386    0.1439  q PD
 4.50  2800.  0.0  2.0   0.3631    0.5487    0.3589    0.5856    0.1267  q PD
 5.00  2800.  0.0  2.0   0.4078    0.4989    0.4091    0.5198    0.1064  q PD
 5.50  2800.  0.0  2.0   0.4828    0.4199    0.4828    0.4372    0.0829  q PD
 2.50  2900.  0.0  2.0   0.5181    0.4902    0.4826    0.6146    0.1588  q PD
 3.00  2900.  0.0  2.0   0.4642    0.5069    0.4254    0.6244    0.1368  q PD
 3.50  2900.  0.0  2.0   0.3668    0.5660    0.3330    0.6718    0.1499  q PD
 4.00  2900.  0.0  2.0   0.3102    0.5866    0.2862    0.6723    0.1638  q PD
 4.50  2900.  0.0  2.0   0.2940    0.5775    0.2817    0.6380    0.1674  q PD
 5.00  2900.  0.0  2.0   0.3229    0.5507    0.3236    0.5809    0.1500  q PD
 5.50  2900.  0.0  2.0   0.3969    0.4793    0.4002    0.4963    0.1150  q PD
 2.50  3000.  0.0  2.0   0.4926    0.4951    0.4397    0.6674    0.1708  q PD
 3.00  3000.  0.0  2.0   0.4325    0.5100    0.3712    0.6834    0.1528  q PD
 3.50  3000.  0.0  2.0   0.3579    0.5531    0.3101    0.6908    0.1610  q PD
 4.00  3000.  0.0  2.0   0.2889    0.5705    0.2520    0.6843    0.1746  q PD
 4.50  3000.  0.0  2.0   0.2687    0.5751    0.2498    0.6513    0.1815  q PD
 5.00  3000.  0.0  2.0   0.2612    0.5698    0.2584    0.6129    0.1859  q PD
 5.50  3000.  0.0  2.0   0.3143    0.5280    0.3205    0.5462    0.1525  q PD
