 2.50  1500.  0.0  2.0   1.0427   1.1035   0.3233 q PD
 3.00  1500.  0.0  2.0   0.9859   1.0408   0.2839 q PD
 3.50  1500.  0.0  2.0   0.9815   1.0493   0.3515 q PD
 4.00  1500.  0.0  2.0   1.0043   1.1014   0.4736 q PD
 4.50  1500.  0.0  2.0   1.1538   1.3291   0.8696 q PD
 5.00  1500.  0.0  2.0   1.1103   1.2406   0.6956 q PD
 5.50  1500.  0.0  2.0   0.9803   1.1070   0.5412 q PD
 2.50  1600.  0.0  2.0   0.9991   1.0440   0.2125 q PD
 3.00  1600.  0.0  2.0   0.9709   1.0049   0.1740 q PD
 3.50  1600.  0.0  2.0   0.9661   1.0105   0.2389 q PD
 4.00  1600.  0.0  2.0   0.9600   1.0074   0.2647 q PD
 4.50  1600.  0.0  2.0   0.9642   1.0320   0.3446 q PD
 5.00  1600.  0.0  2.0   0.9575   1.0312   0.3651 q PD
 5.50  1600.  0.0  2.0   0.9668   1.0604   0.4331 q PD
 2.50  1700.  0.0  2.0   0.9542   0.9801   0.1019 q PD
 3.00  1700.  0.0  2.0   0.9513   0.9806   0.1354 q PD
 3.50  1700.  0.0  2.0   0.9435   0.9784   0.1725 q PD
 4.00  1700.  0.0  2.0   0.9335   0.9701   0.1913 q PD
 4.50  1700.  0.0  2.0   0.9162   0.9438   0.1574 q PD
 5.00  1700.  0.0  2.0   0.9199   0.9513   0.1837 q PD
 5.50  1700.  0.0  2.0   0.9395   0.9927   0.2783 q PD
 2.50  1800.  0.0  2.0   0.9645   0.9882   0.1049 q PD
 3.00  1800.  0.0  2.0   0.9352   0.9559   0.0878 q PD
 3.50  1800.  0.0  2.0   0.9121   0.9365   0.1085 q PD
 4.00  1800.  0.0  2.0   0.9035   0.9303   0.1231 q PD
 4.50  1800.  0.0  2.0   0.9057   0.9367   0.1500 q PD
 5.00  1800.  0.0  2.0   0.8972   0.9228   0.1337 q PD
 5.50  1800.  0.0  2.0   0.8964   0.9213   0.1357 q PD
 2.50  1900.  0.0  2.0   0.9281   0.9470   0.0864 q PD
 3.00  1900.  0.0  2.0   0.9330   0.9502   0.0808 q PD
 3.50  1900.  0.0  2.0   0.9125   0.9422   0.1364 q PD
 4.00  1900.  0.0  2.0   0.9029   0.9417   0.1787 q PD
 4.50  1900.  0.0  2.0   0.8779   0.9044   0.1172 q PD
 5.00  1900.  0.0  2.0   0.8792   0.9001   0.0943 q PD
 5.50  1900.  0.0  2.0   0.8702   0.8825   0.0591 q PD
 2.50  2000.  0.0  2.0   0.9195   0.9283   0.0578 q PD
 3.00  2000.  0.0  2.0   0.9177   0.9326   0.0817 q PD
 3.50  2000.  0.0  2.0   0.9091   0.9245   0.0778 q PD
 4.00  2000.  0.0  2.0   0.9027   0.9221   0.1033 q PD
 4.50  2000.  0.0  2.0   0.9004   0.9266   0.1381 q PD
 5.00  2000.  0.0  2.0   0.8776   0.8996   0.1044 q PD
 5.50  2000.  0.0  2.0   0.8564   0.8656   0.0419 q PD
 2.50  2100.  0.0  2.0   0.8923   0.8943   0.0589 q PD
 3.00  2100.  0.0  2.0   0.9087   0.9142   0.0596 q PD
 3.50  2100.  0.0  2.0   0.9209   0.9406   0.1177 q PD
 4.00  2100.  0.0  2.0   0.9073   0.9225   0.0924 q PD
 4.50  2100.  0.0  2.0   0.8924   0.9102   0.1045 q PD
 5.00  2100.  0.0  2.0   0.8770   0.8916   0.0870 q PD
 5.50  2100.  0.0  2.0   0.8595   0.8657   0.0374 q PD
 2.50  2200.  0.0  2.0   0.8842   0.8723   0.1162 q PD
 3.00  2200.  0.0  2.0   0.8751   0.8577   0.1108 q PD
 3.50  2200.  0.0  2.0   0.9023   0.9049   0.0651 q PD
 4.00  2200.  0.0  2.0   0.9113   0.9187   0.0752 q PD
 4.50  2200.  0.0  2.0   0.8955   0.8992   0.0566 q PD
 5.00  2200.  0.0  2.0   0.8782   0.8887   0.0769 q PD
 5.50  2200.  0.0  2.0   0.8601   0.8667   0.0516 q PD
 2.50  2300.  0.0  2.0   0.8959   0.8739   0.1721 q PD
 3.00  2300.  0.0  2.0   0.8815   0.8590   0.1414 q PD
 3.50  2300.  0.0  2.0   0.8867   0.8596   0.1401 q PD
 4.00  2300.  0.0  2.0   0.8996   0.8908   0.0671 q PD
 4.50  2300.  0.0  2.0   0.8914   0.8783   0.0624 q PD
 5.00  2300.  0.0  2.0   0.8681   0.8557   0.0559 q PD
 5.50  2300.  0.0  2.0   0.8458   0.8330   0.0543 q PD
 2.50  2400.  0.0  2.0   0.9048   0.8616   0.3174 q PD
 3.00  2400.  0.0  2.0   0.8726   0.8277   0.2761 q PD
 3.50  2400.  0.0  2.0   0.8746   0.8284   0.2467 q PD
 4.00  2400.  0.0  2.0   0.8768   0.8343   0.2131 q PD
 4.50  2400.  0.0  2.0   0.8905   0.8597   0.1396 q PD
 5.00  2400.  0.0  2.0   0.8626   0.8298   0.1499 q PD
 5.50  2400.  0.0  2.0   0.8556   0.8333   0.0977 q PD
 2.50  2500.  0.0  2.0   0.9034   0.8644   0.3307 q PD
 3.00  2500.  0.0  2.0   0.8607   0.8000   0.4019 q PD
 3.50  2500.  0.0  2.0   0.8523   0.7878   0.3743 q PD
 4.00  2500.  0.0  2.0   0.8602   0.7993   0.3198 q PD
 4.50  2500.  0.0  2.0   0.8625   0.8064   0.2799 q PD
 5.00  2500.  0.0  2.0   0.8632   0.8159   0.2287 q PD
 5.50  2500.  0.0  2.0   0.8540   0.8145   0.1858 q PD
 2.50  2600.  0.0  2.0   0.8989   0.8646   0.3215 q PD
 3.00  2600.  0.0  2.0   0.8455   0.7888   0.3988 q PD
 3.50  2600.  0.0  2.0   0.8183   0.7469   0.4408 q PD
 4.00  2600.  0.0  2.0   0.8224   0.7473   0.4213 q PD
 4.50  2600.  0.0  2.0   0.8323   0.7602   0.3803 q PD
 5.00  2600.  0.0  2.0   0.8414   0.7788   0.3196 q PD
 5.50  2600.  0.0  2.0   0.8385   0.7813   0.2881 q PD
 2.50  2700.  0.0  2.0   0.8694   0.8350   0.3527 q PD
 3.00  2700.  0.0  2.0   0.8340   0.7769   0.4130 q PD
 3.50  2700.  0.0  2.0   0.7900   0.7127   0.4925 q PD
 4.00  2700.  0.0  2.0   0.7815   0.6947   0.5078 q PD
 4.50  2700.  0.0  2.0   0.7930   0.7055   0.4794 q PD
 5.00  2700.  0.0  2.0   0.8033   0.7219   0.4309 q PD
 5.50  2700.  0.0  2.0   0.8146   0.7452   0.3603 q PD
 2.50  2800.  0.0  2.0   0.8438   0.8118   0.3771 q PD
 3.00  2800.  0.0  2.0   0.8163   0.7610   0.4235 q PD
 3.50  2800.  0.0  2.0   0.7597   0.6826   0.5170 q PD
 4.00  2800.  0.0  2.0   0.7382   0.6478   0.5556 q PD
 4.50  2800.  0.0  2.0   0.7472   0.6517   0.5480 q PD
 5.00  2800.  0.0  2.0   0.7622   0.6690   0.5103 q PD
 5.50  2800.  0.0  2.0   0.7840   0.7014   0.4366 q PD
 2.50  2900.  0.0  2.0   0.8173   0.7899   0.3953 q PD
 3.00  2900.  0.0  2.0   0.7892   0.7376   0.4353 q PD
 3.50  2900.  0.0  2.0   0.7425   0.6689   0.5167 q PD
 4.00  2900.  0.0  2.0   0.7105   0.6224   0.5659 q PD
 4.50  2900.  0.0  2.0   0.6968   0.6007   0.5817 q PD
 5.00  2900.  0.0  2.0   0.7138   0.6141   0.5701 q PD
 5.50  2900.  0.0  2.0   0.7413   0.6484   0.5040 q PD
 2.50  3000.  0.0  2.0   0.7894   0.7734   0.3918 q PD
 3.00  3000.  0.0  2.0   0.7543   0.7129   0.4304 q PD
 3.50  3000.  0.0  2.0   0.7229   0.6555   0.5041 q PD
 4.00  3000.  0.0  2.0   0.6786   0.5942   0.5558 q PD
 4.50  3000.  0.0  2.0   0.6699   0.5754   0.5840 q PD
 5.00  3000.  0.0  2.0   0.6660   0.5649   0.5996 q PD
 5.50  3000.  0.0  2.0   0.6940   0.5936   0.5624 q PD
