 2.50  2300.  0.0  2.0   1.0113    0.5757    1.1060    0.6911    0.1216  q PC
 3.00  2300.  0.0  2.0   0.9738    0.5141    1.0453    0.6024    0.0999  q PC
 3.50  2300.  0.0  2.0   0.9557    0.4497    1.0096    0.5174    0.0738  q PC
 4.00  2300.  0.0  2.0   0.9559    0.4021    0.9892    0.4445    0.0465  q PC
 4.50  2300.  0.0  2.0   0.9406    0.3642    0.9704    0.4044    0.0272  q PC
 5.00  2300.  0.0  2.0   0.9204    0.3329    0.9415    0.3601    0.0275  q PC
 5.50  2300.  0.0  2.0   0.8877    0.3457    0.9067    0.3689    0.0366  q PC
 6.00  2300.  0.0  2.0   0.8760    0.3546    0.8898    0.3695    0.0463  q PC
 2.50  2400.  0.0  2.0   0.9891    0.5933    1.1048    0.7367    0.1356  q PC
 3.00  2400.  0.0  2.0   0.9530    0.5422    1.0404    0.6518    0.1097  q PC
 3.50  2400.  0.0  2.0   0.9511    0.5004    1.0084    0.5703    0.0892  q PC
 4.00  2400.  0.0  2.0   0.9559    0.4492    0.9893    0.4896    0.0574  q PC
 4.50  2400.  0.0  2.0   0.9597    0.3996    0.9841    0.4315    0.0277  q PC
 5.00  2400.  0.0  2.0   0.9511    0.3965    0.9671    0.4174    0.0193  q PC
 5.50  2400.  0.0  2.0   0.9266    0.3815    0.9409    0.3996    0.0224  q PC
 6.00  2400.  0.0  2.0   0.9024    0.3789    0.9134    0.3907    0.0337  q PC
 2.50  2500.  0.0  2.0   0.9638    0.5979    1.1051    0.7758    0.1506  q PC
 3.00  2500.  0.0  2.0   0.9224    0.5583    1.0336    0.7001    0.1228  q PC
 3.50  2500.  0.0  2.0   0.9270    0.5349    0.9970    0.6208    0.1065  q PC
 4.00  2500.  0.0  2.0   0.9401    0.4996    0.9787    0.5439    0.0798  q PC
 4.50  2500.  0.0  2.0   0.9552    0.4561    0.9794    0.4840    0.0486  q PC
 5.00  2500.  0.0  2.0   0.9608    0.4082    0.9750    0.4262    0.0185  q PC
 5.50  2500.  0.0  2.0   0.9537    0.4326    0.9628    0.4423    0.0198  q PC
 6.00  2500.  0.0  2.0   0.9242    0.4141    0.9323    0.4214    0.0291  q PC
 2.50  2600.  0.0  2.0   0.9500    0.5941    1.1071    0.7932    0.1640  q PC
 3.00  2600.  0.0  2.0   0.8921    0.5602    1.0293    0.7381    0.1320  q PC
 3.50  2600.  0.0  2.0   0.8942    0.5522    0.9856    0.6668    0.1224  q PC
 4.00  2600.  0.0  2.0   0.9101    0.5340    0.9614    0.5934    0.1024  q PC
 4.50  2600.  0.0  2.0   0.9408    0.5140    0.9665    0.5396    0.0747  q PC
 5.00  2600.  0.0  2.0   0.9603    0.4826    0.9717    0.4918    0.0438  q PC
 5.50  2600.  0.0  2.0   0.9631    0.4368    0.9714    0.4459    0.0154  q PC
 6.00  2600.  0.0  2.0   0.9529    0.4101    0.9593    0.4175    0.0098  q PC
 2.50  2700.  0.0  2.0   0.9424    0.5789    1.1135    0.7976    0.1596  q PC
 3.00  2700.  0.0  2.0   0.8722    0.5580    1.0291    0.7630    0.1394  q PC
 3.50  2700.  0.0  2.0   0.8582    0.5515    0.9729    0.6986    0.1323  q PC
 4.00  2700.  0.0  2.0   0.8704    0.5455    0.9398    0.6289    0.1202  q PC
 4.50  2700.  0.0  2.0   0.9031    0.5465    0.9387    0.5824    0.1053  q PC
 5.00  2700.  0.0  2.0   0.9395    0.5376    0.9530    0.5445    0.0752  q PC
 5.50  2700.  0.0  2.0   0.9563    0.5097    0.9614    0.5080    0.0470  q PC
 6.00  2700.  0.0  2.0   0.9459    0.4503    0.9590    0.4658    0.0179  q PC
 2.50  2800.  0.0  2.0   0.9486    0.5638    1.1219    0.7850    0.1546  q PC
 3.00  2800.  0.0  2.0   0.8689    0.5607    1.0361    0.7793    0.1501  q PC
 3.50  2800.  0.0  2.0   0.8318    0.5476    0.9669    0.7235    0.1393  q PC
 4.00  2800.  0.0  2.0   0.8298    0.5420    0.9205    0.6551    0.1314  q PC
 4.50  2800.  0.0  2.0   0.8549    0.5483    0.9078    0.6068    0.1258  q PC
 5.00  2800.  0.0  2.0   0.8901    0.5498    0.9139    0.5674    0.1089  q PC
 5.50  2800.  0.0  2.0   0.9191    0.5411    0.9260    0.5360    0.0878  q PC
 2.50  2900.  0.0  2.0   0.9705    0.5624    1.1236    0.7541    0.1702  q PC
 3.00  2900.  0.0  2.0   0.8684    0.5526    1.0373    0.7738    0.1478  q PC
 3.50  2900.  0.0  2.0   0.8132    0.5377    0.9618    0.7331    0.1383  q PC
 4.00  2900.  0.0  2.0   0.7955    0.5296    0.9000    0.6625    0.1357  q PC
 4.50  2900.  0.0  2.0   0.8092    0.5358    0.8762    0.6141    0.1355  q PC
 5.00  2900.  0.0  2.0   0.8384    0.5441    0.8738    0.5762    0.1300  q PC
 5.50  2900.  0.0  2.0   0.8762    0.5478    0.8903    0.5496    0.1169  q PC
 6.00  2900.  0.0  2.0   0.9078    0.5337    0.9103    0.5216    0.0895  q PC
 2.50  3000.  0.0  2.0   0.9778    0.5227    1.1237    0.7064    0.1403  q PC
 3.00  3000.  0.0  2.0   0.8734    0.5418    1.0322    0.7492    0.1453  q PC
 3.50  3000.  0.0  2.0   0.8066    0.5319    0.9516    0.7219    0.1442  q PC
 4.00  3000.  0.0  2.0   0.7715    0.5170    0.8835    0.6609    0.1382  q PC
 4.50  3000.  0.0  2.0   0.7719    0.5192    0.8525    0.6171    0.1397  q PC
 5.50  3000.  0.0  2.0   0.8229    0.5337    0.8456    0.5462    0.1361  q PC
 6.00  3000.  0.0  2.0   0.8572    0.5330    0.8629    0.5220    0.1194  q PC
 2.50  3100.  0.0  2.0   0.9950    0.4704    1.1188    0.6244    0.1292  q PC
 3.00  3100.  0.0  2.0   0.8859    0.5326    1.0355    0.7269    0.1433  q PC
 3.50  3100.  0.0  2.0   0.8080    0.5239    0.9564    0.7188    0.1428  q PC
 4.00  3100.  0.0  2.0   0.7599    0.5081    0.8791    0.6622    0.1409  q PC
 4.50  3100.  0.0  2.0   0.7447    0.5024    0.8357    0.6158    0.1400  q PC
 5.00  3100.  0.0  2.0   0.7517    0.5055    0.8086    0.5684    0.1420  q PC
 5.50  3100.  0.0  2.0   0.7764    0.5143    0.8080    0.5393    0.1443  q PC
 6.00  3100.  0.0  2.0   0.8084    0.5221    0.8211    0.5196    0.1387  q PC
 2.50  3200.  0.0  2.0   0.9660    0.4643    1.1114    0.6454    0.1663  q PC
 3.00  3200.  0.0  2.0   0.8989    0.5079    1.0428    0.6938    0.1378  q PC
 3.50  3200.  0.0  2.0   0.8137    0.5106    0.9676    0.7134    0.1394  q PC
 4.00  3200.  0.0  2.0   0.7545    0.4944    0.8843    0.6643    0.1373  q PC
 4.50  3200.  0.0  2.0   0.7269    0.4881    0.8283    0.6170    0.1390  q PC
 5.00  3200.  0.0  2.0   0.7215    0.4865    0.7881    0.5642    0.1404  q PC
 5.50  3200.  0.0  2.0   0.7372    0.4936    0.7776    0.5320    0.1445  q PC
 6.00  3200.  0.0  2.0   0.7657    0.5023    0.7852    0.5097    0.1424  q PC
 2.50  3300.  0.0  2.0   0.9418    0.4367    1.1202    0.6610    0.1779  q PC
 3.00  3300.  0.0  2.0   0.8919    0.4637    1.0462    0.6637    0.1457  q PC
 3.50  3300.  0.0  2.0   0.8187    0.4917    0.9725    0.6939    0.1465  q PC
 4.00  3300.  0.0  2.0   0.7508    0.4765    0.8875    0.6571    0.1334  q PC
 4.50  3300.  0.0  2.0   0.7146    0.4700    0.8246    0.6127    0.1318  q PC
 5.00  3300.  0.0  2.0   0.7010    0.4695    0.7774    0.5625    0.1354  q PC
 5.50  3300.  0.0  2.0   0.7068    0.4739    0.7554    0.5255    0.1386  q PC
 6.00  3300.  0.0  2.0   0.7288    0.4858    0.7553    0.5041    0.1416  q PC
 2.50  3400.  0.0  2.0   0.9176    0.4140    1.1199    0.6688    0.2123  q PC
 3.00  3400.  0.0  2.0   0.8467    0.4019    1.0336    0.6474    0.1672  q PC
 3.50  3400.  0.0  2.0   0.8013    0.4414    0.9678    0.6633    0.1336  q PC
 4.00  3400.  0.0  2.0   0.7458    0.4530    0.8867    0.6407    0.1287  q PC
 4.50  3400.  0.0  2.0   0.7073    0.4543    0.8224    0.6052    0.1265  q PC
 5.00  3400.  0.0  2.0   0.6865    0.4548    0.7708    0.5606    0.1287  q PC
 5.50  3400.  0.0  2.0   0.6852    0.4602    0.7397    0.5213    0.1325  q PC
 6.00  3400.  0.0  2.0   0.7007    0.4741    0.7326    0.5011    0.1387  q PC
 2.50  3500.  0.0  2.0   0.8709    0.3435    1.1150    0.6581    0.1984  q PC
 3.00  3500.  0.0  2.0   0.8110    0.3190    1.0234    0.6030    0.1459  q PC
 3.50  3500.  0.0  2.0   0.7786    0.3856    0.9584    0.6279    0.1314  q PC
 4.00  3500.  0.0  2.0   0.7336    0.4192    0.8824    0.6200    0.1174  q PC
 4.50  3500.  0.0  2.0   0.6990    0.4347    0.8202    0.5959    0.1174  q PC
 5.00  3500.  0.0  2.0   0.6753    0.4409    0.7657    0.5566    0.1209  q PC
 5.50  3500.  0.0  2.0   0.6680    0.4495    0.7272    0.5185    0.1268  q PC
 6.00  3500.  0.0  2.0   0.6766    0.4630    0.7130    0.4970    0.1361  q PC
 2.50  3600.  0.0  2.0   0.8506    0.2973    1.1104    0.6348    0.2026  q PC
 3.00  3600.  0.0  2.0   0.7772    0.2307    1.0117    0.5484    0.1305  q PC
 3.50  3600.  0.0  2.0   0.7569    0.3177    0.9510    0.5828    0.1081  q PC
 4.00  3600.  0.0  2.0   0.7242    0.3823    0.8789    0.5933    0.1050  q PC
 4.50  3600.  0.0  2.0   0.6922    0.4143    0.8187    0.5847    0.1069  q PC
 5.00  3600.  0.0  2.0   0.6672    0.4279    0.7624    0.5520    0.1120  q PC
 5.50  3600.  0.0  2.0   0.6560    0.4394    0.7191    0.5151    0.1195  q PC
 6.00  3600.  0.0  2.0   0.6588    0.4561    0.6989    0.4960    0.1325  q PC
 2.50  3700.  0.0  2.0   0.8390    0.2588    1.1087    0.6121    0.1825  q PC
 3.00  3700.  0.0  2.0   0.7603    0.1821    1.0062    0.5170    0.1160  q PC
 3.50  3700.  0.0  2.0   0.7463    0.2537    0.9453    0.5279    0.0948  q PC
 4.00  3700.  0.0  2.0   0.7207    0.3422    0.8779    0.5584    0.0926  q PC
 4.50  3700.  0.0  2.0   0.6898    0.3956    0.8189    0.5709    0.0983  q PC
 5.00  3700.  0.0  2.0   0.6637    0.4190    0.7618    0.5482    0.1049  q PC
 5.50  3700.  0.0  2.0   0.6467    0.4312    0.7129    0.5123    0.1128  q PC
 6.00  3700.  0.0  2.0   0.6463    0.4492    0.6892    0.4936    0.1278  q PC
 2.50  3800.  0.0  2.0   0.8262    0.2261    1.1108    0.6034    0.1254  q PC
 3.00  3800.  0.0  2.0   0.7600    0.1666    1.0081    0.5061    0.0983  q PC
 3.50  3800.  0.0  2.0   0.7455    0.2074    0.9436    0.4817    0.0836  q PC
 4.00  3800.  0.0  2.0   0.7258    0.3015    0.8799    0.5145    0.0833  q PC
 4.50  3800.  0.0  2.0   0.6925    0.3749    0.8216    0.5512    0.0902  q PC
 5.00  3800.  0.0  2.0   0.6603    0.4080    0.7608    0.5416    0.0985  q PC
 5.50  3800.  0.0  2.0   0.6404    0.4248    0.7085    0.5092    0.1080  q PC
 6.00  3800.  0.0  2.0   0.6348    0.4415    0.6802    0.4902    0.1235  q PC
 2.50  3900.  0.0  2.0   0.8459    0.2541    1.1159    0.6111    0.1302  q PC
 3.00  3900.  0.0  2.0   0.7618    0.1664    1.0123    0.5109    0.0795  q PC
 3.50  3900.  0.0  2.0   0.7339    0.1552    0.9386    0.4418    0.0666  q PC
 4.00  3900.  0.0  2.0   0.7213    0.2555    0.8773    0.4729    0.0726  q PC
 4.50  3900.  0.0  2.0   0.6938    0.3445    0.8226    0.5215    0.0810  q PC
 5.00  3900.  0.0  2.0   0.6632    0.3966    0.7638    0.5307    0.0937  q PC
 5.50  3900.  0.0  2.0   0.6350    0.4160    0.7046    0.5031    0.1036  q PC
 6.00  3900.  0.0  2.0   0.6252    0.4329    0.6729    0.4855    0.1187  q PC
 2.50  4000.  0.0  2.0   0.8447    0.2633    1.1201    0.6286    0.1075  q PC
 3.00  4000.  0.0  2.0   0.7729    0.1892    1.0170    0.5246    0.0820  q PC
 3.50  4000.  0.0  2.0   0.7390    0.1541    0.9394    0.4337    0.0709  q PC
 4.00  4000.  0.0  2.0   0.7243    0.2171    0.8784    0.4329    0.0643  q PC
 4.50  4000.  0.0  2.0   0.6996    0.3115    0.8249    0.4841    0.0772  q PC
 5.00  4000.  0.0  2.0   0.6635    0.3739    0.7644    0.5091    0.0887  q PC
 5.50  4000.  0.0  2.0   0.6332    0.4042    0.7036    0.4931    0.0993  q PC
 6.00  4000.  0.0  2.0   0.6135    0.4180    0.6640    0.4757    0.1116  q PC
 2.50  4100.  0.0  2.0   0.8379    0.2691    1.1224    0.6477    0.0920  q PC
 3.00  4100.  0.0  2.0   0.7777    0.2095    1.0199    0.5419    0.0839  q PC
 3.50  4100.  0.0  2.0   0.7446    0.1740    0.9418    0.4488    0.0737  q PC
 4.00  4100.  0.0  2.0   0.7247    0.1826    0.8783    0.3990    0.0576  q PC
 4.50  4100.  0.0  2.0   0.7109    0.2725    0.8311    0.4391    0.0671  q PC
 5.00  4100.  0.0  2.0   0.6684    0.3428    0.7682    0.4777    0.0814  q PC
 5.50  4100.  0.0  2.0   0.6359    0.3883    0.7059    0.4772    0.0958  q PC
 6.00  4100.  0.0  2.0   0.6107    0.4071    0.6622    0.4669    0.1067  q PC
 2.50  4200.  0.0  2.0   0.8335    0.2799    1.1228    0.6654    0.0925  q PC
 3.00  4200.  0.0  2.0   0.7751    0.2216    1.0197    0.5575    0.0853  q PC
 3.50  4200.  0.0  2.0   0.7416    0.1839    0.9411    0.4623    0.0714  q PC
 4.00  4200.  0.0  2.0   0.7205    0.1616    0.8754    0.3802    0.0612  q PC
 4.50  4200.  0.0  2.0   0.7082    0.2295    0.8285    0.3974    0.0612  q PC
 5.00  4200.  0.0  2.0   0.6763    0.3078    0.7737    0.4401    0.0754  q PC
 5.50  4200.  0.0  2.0   0.6304    0.3513    0.7031    0.4463    0.0815  q PC
 6.00  4200.  0.0  2.0   0.6096    0.3907    0.6622    0.4532    0.1004  q PC
 2.50  4300.  0.0  2.0   0.8307    0.2927    1.1224    0.6817    0.0959  q PC
 3.00  4300.  0.0  2.0   0.7678    0.2265    1.0181    0.5711    0.0790  q PC
 3.50  4300.  0.0  2.0   0.7371    0.1921    0.9391    0.4744    0.0707  q PC
 4.00  4300.  0.0  2.0   0.7145    0.1665    0.8720    0.3883    0.0638  q PC
 4.50  4300.  0.0  2.0   0.7117    0.1974    0.8303    0.3646    0.0548  q PC
 5.00  4300.  0.0  2.0   0.6911    0.2733    0.7846    0.4013    0.0659  q PC
 5.50  4300.  0.0  2.0   0.6544    0.3388    0.7216    0.4255    0.0834  q PC
 6.00  4300.  0.0  2.0   0.6125    0.3705    0.6657    0.4349    0.0934  q PC
 2.50  4400.  0.0  2.0   0.8279    0.3054    1.1214    0.6970    0.0988  q PC
 3.00  4400.  0.0  2.0   0.7626    0.2344    1.0154    0.5829    0.0781  q PC
 3.50  4400.  0.0  2.0   0.7318    0.1992    0.9368    0.4861    0.0703  q PC
 4.00  4400.  0.0  2.0   0.7103    0.1723    0.8700    0.3975    0.0630  q PC
 4.50  4400.  0.0  2.0   0.7019    0.1665    0.8241    0.3401    0.0534  q PC
 5.00  4400.  0.0  2.0   0.6858    0.2250    0.7822    0.3598    0.0532  q PC
 5.50  4400.  0.0  2.0   0.6602    0.3009    0.7272    0.3891    0.0739  q PC
 6.00  4400.  0.0  2.0   0.6292    0.3561    0.6802    0.4181    0.0872  q PC
 2.50  4500.  0.0  2.0   0.8238    0.3159    1.1199    0.7112    0.1016  q PC
 3.00  4500.  0.0  2.0   0.7548    0.2395    1.0117    0.5943    0.0764  q PC
 3.50  4500.  0.0  2.0   0.7271    0.2071    0.9350    0.4982    0.0694  q PC
 4.00  4500.  0.0  2.0   0.7040    0.1771    0.8675    0.4083    0.0592  q PC
 4.50  4500.  0.0  2.0   0.6948    0.1658    0.8186    0.3414    0.0557  q PC
 5.00  4500.  0.0  2.0   0.6952    0.2015    0.7894    0.3346    0.0483  q PC
 5.50  4500.  0.0  2.0   0.6759    0.2712    0.7409    0.3580    0.0639  q PC
 6.00  4500.  0.0  2.0   0.6367    0.3254    0.6880    0.3894    0.0777  q PC
 2.50  4600.  0.0  2.0   0.8181    0.3237    1.1184    0.7251    0.1038  q PC
 3.00  4600.  0.0  2.0   0.7537    0.2519    1.0108    0.6071    0.0785  q PC
 3.50  4600.  0.0  2.0   0.7222    0.2149    0.9332    0.5107    0.0689  q PC
 4.00  4600.  0.0  2.0   0.6996    0.1849    0.8655    0.4198    0.0585  q PC
 4.50  4600.  0.0  2.0   0.6898    0.1718    0.8157    0.3508    0.0533  q PC
 5.00  4600.  0.0  2.0   0.6878    0.1749    0.7851    0.3140    0.0464  q PC
 5.50  4600.  0.0  2.0   0.6777    0.2336    0.7445    0.3256    0.0512  q PC
 6.00  4600.  0.0  2.0   0.6488    0.2966    0.6993    0.3610    0.0699  q PC
 2.50  4700.  0.0  2.0   0.8077    0.3246    1.1169    0.7387    0.1032  q PC
 3.00  4700.  0.0  2.0   0.7474    0.2576    1.0089    0.6191    0.0788  q PC
 3.50  4700.  0.0  2.0   0.7172    0.2223    0.9317    0.5232    0.0691  q PC
 4.00  4700.  0.0  2.0   0.6948    0.1921    0.8634    0.4311    0.0577  q PC
 4.50  4700.  0.0  2.0   0.6859    0.1801    0.8140    0.3624    0.0528  q PC
 5.00  4700.  0.0  2.0   0.6817    0.1728    0.7809    0.3144    0.0489  q PC
 5.50  4700.  0.0  2.0   0.6839    0.2106    0.7512    0.3055    0.0440  q PC
 6.00  4700.  0.0  2.0   0.6653    0.2732    0.7148    0.3378    0.0597  q PC
 2.50  4800.  0.0  2.0   0.8038    0.3317    1.1181    0.7529    0.1057  q PC
 3.00  4800.  0.0  2.0   0.7433    0.2668    1.0091    0.6337    0.0851  q PC
 3.50  4800.  0.0  2.0   0.7114    0.2284    0.9304    0.5356    0.0692  q PC
 4.00  4800.  0.0  2.0   0.6906    0.2004    0.8619    0.4430    0.0593  q PC
 4.50  4800.  0.0  2.0   0.6817    0.1879    0.8126    0.3743    0.0522  q PC
 5.00  4800.  0.0  2.0   0.6771    0.1771    0.7785    0.3218    0.0487  q PC
 5.50  4800.  0.0  2.0   0.6767    0.1843    0.7475    0.2865    0.0382  q PC
 6.00  4800.  0.0  2.0   0.6658    0.2377    0.7181    0.3097    0.0434  q PC
 2.50  4900.  0.0  2.0   0.7974    0.3360    1.1219    0.7708    0.1066  q PC
 3.00  4900.  0.0  2.0   0.7369    0.2711    1.0115    0.6503    0.0849  q PC
 3.50  4900.  0.0  2.0   0.7054    0.2336    0.9300    0.5488    0.0695  q PC
 4.00  4900.  0.0  2.0   0.6832    0.2041    0.8593    0.4539    0.0580  q PC
 4.50  4900.  0.0  2.0   0.6779    0.1960    0.8126    0.3881    0.0516  q PC
 5.00  4900.  0.0  2.0   0.6733    0.1851    0.7774    0.3338    0.0479  q PC
 5.50  4900.  0.0  2.0   0.6718    0.1831    0.7433    0.2856    0.0441  q PC
 6.00  4900.  0.0  2.0   0.6757    0.2271    0.7277    0.2998    0.0430  q PC
 2.50  5100.  0.0  2.0   0.7879    0.3431    1.1501    0.8255    0.1076  q PC
 3.00  5100.  0.0  2.0   0.7203    0.2712    1.0300    0.6982    0.0831  q PC
 3.50  5100.  0.0  2.0   0.6854    0.2315    0.9471    0.5986    0.0669  q PC
 4.00  5100.  0.0  2.0   0.6697    0.2175    0.8686    0.5000    0.0585  q PC
 4.50  5100.  0.0  2.0   0.6611    0.2045    0.8205    0.4324    0.0509  q PC
 5.00  5100.  0.0  2.0   0.6573    0.1956    0.7715    0.3593    0.0467  q PC
 5.50  5100.  0.0  2.0   0.6529    0.1841    0.7431    0.3140    0.0417  q PC
 6.00  5100.  0.0  2.0   0.6563    0.1960    0.7161    0.2825    0.0389  q PC
 2.50  5200.  0.0  2.0   0.7821    0.3440    1.1510    0.8356    0.1073  q PC
 3.00  5200.  0.0  2.0   0.7138    0.2720    1.0296    0.7076    0.0821  q PC
 3.50  5200.  0.0  2.0   0.6782    0.2316    0.9456    0.6069    0.0663  q PC
 4.00  5200.  0.0  2.0   0.6633    0.2206    0.8671    0.5103    0.0579  q PC
 4.50  5200.  0.0  2.0   0.6548    0.2083    0.8173    0.4408    0.0505  q PC
 5.00  5200.  0.0  2.0   0.6514    0.2005    0.7677    0.3673    0.0463  q PC
 5.50  5200.  0.0  2.0   0.6475    0.1896    0.7394    0.3222    0.0410  q PC
 6.00  5200.  0.0  2.0   0.6527    0.2015    0.7132    0.2890    0.0396  q PC
 2.50  5300.  0.0  2.0   0.7781    0.3492    1.1564    0.8530    0.1072  q PC
 3.00  5300.  0.0  2.0   0.7048    0.2686    1.0290    0.7164    0.0795  q PC
 3.50  5300.  0.0  2.0   0.6767    0.2447    0.9481    0.6261    0.0651  q PC
 4.00  5300.  0.0  2.0   0.6569    0.2228    0.8662    0.5204    0.0571  q PC
 4.50  5300.  0.0  2.0   0.6483    0.2113    0.8141    0.4486    0.0501  q PC
 5.00  5300.  0.0  2.0   0.6446    0.2036    0.7633    0.3743    0.0453  q PC
 5.50  5300.  0.0  2.0   0.6457    0.2011    0.7385    0.3354    0.0413  q PC
 6.00  5300.  0.0  2.0   0.6463    0.2066    0.7095    0.2983    0.0377  q PC
 2.50  5400.  0.0  2.0   0.7738    0.3508    1.1586    0.8632    0.1069  q PC
 3.00  5400.  0.0  2.0   0.6998    0.2711    1.0306    0.7279    0.0792  q PC
 3.50  5400.  0.0  2.0   0.6695    0.2436    0.9470    0.6340    0.0630  q PC
 4.00  5400.  0.0  2.0   0.6500    0.2235    0.8657    0.5305    0.0559  q PC
 4.50  5400.  0.0  2.0   0.6418    0.2133    0.8110    0.4559    0.0492  q PC
 5.00  5400.  0.0  2.0   0.6360    0.2038    0.7579    0.3795    0.0433  q PC
 5.50  5400.  0.0  2.0   0.6387    0.2141    0.7346    0.3531    0.0393  q PC
 6.00  5400.  0.0  2.0   0.6404    0.2126    0.7057    0.3076    0.0367  q PC
 2.50  5500.  0.0  2.0   0.7704    0.3542    1.1694    0.8844    0.1039  q PC
 3.00  5500.  0.0  2.0   0.6972    0.2793    1.0442    0.7574    0.0793  q PC
 3.50  5500.  0.0  2.0   0.6660    0.2479    0.9487    0.6456    0.0633  q PC
 4.00  5500.  0.0  2.0   0.6450    0.2264    0.8676    0.5433    0.0558  q PC
 4.50  5500.  0.0  2.0   0.6348    0.2145    0.8077    0.4625    0.0489  q PC
 5.00  5500.  0.0  2.0   0.6297    0.2062    0.7541    0.3857    0.0426  q PC
 5.50  5500.  0.0  2.0   0.6329    0.2194    0.7306    0.3612    0.0394  q PC
 6.00  5500.  0.0  2.0   0.6343    0.2180    0.7021    0.3169    0.0358  q PC
 2.50  5600.  0.0  2.0   0.7689    0.3601    1.1781    0.9028    0.1024  q PC
 3.00  5600.  0.0  2.0   0.6980    0.2875    1.0497    0.7726    0.0770  q PC
 3.50  5600.  0.0  2.0   0.6618    0.2504    0.9488    0.6543    0.0634  q PC
 4.00  5600.  0.0  2.0   0.6396    0.2280    0.8672    0.5521    0.0555  q PC
 4.50  5600.  0.0  2.0   0.6288    0.2160    0.8049    0.4688    0.0481  q PC
 5.00  5600.  0.0  2.0   0.6257    0.2230    0.7528    0.4070    0.0409  q PC
 5.50  5600.  0.0  2.0   0.6252    0.2221    0.7259    0.3686    0.0375  q PC
 6.00  5600.  0.0  2.0   0.6279    0.2227    0.6981    0.3252    0.0350  q PC
 2.50  5700.  0.0  2.0   0.7674    0.3661    1.1841    0.9185    0.0988  q PC
 3.00  5700.  0.0  2.0   0.6936    0.2889    1.0548    0.7868    0.0759  q PC
 3.50  5700.  0.0  2.0   0.6568    0.2514    0.9489    0.6626    0.0629  q PC
 4.00  5700.  0.0  2.0   0.6336    0.2281    0.8661    0.5595    0.0537  q PC
 4.50  5700.  0.0  2.0   0.6236    0.2180    0.8023    0.4747    0.0480  q PC
 5.00  5700.  0.0  2.0   0.6194    0.2258    0.7492    0.4139    0.0400  q PC
 5.50  5700.  0.0  2.0   0.6186    0.2254    0.7214    0.3752    0.0366  q PC
 6.00  5700.  0.0  2.0   0.6212    0.2266    0.6939    0.3328    0.0341  q PC
 2.50  5800.  0.0  2.0   0.7724    0.3786    1.1960    0.9388    0.0961  q PC
 3.00  5800.  0.0  2.0   0.6916    0.2943    1.0596    0.8012    0.0770  q PC
 3.50  5800.  0.0  2.0   0.6559    0.2541    0.9551    0.6749    0.0629  q PC
 4.00  5800.  0.0  2.0   0.6285    0.2293    0.8649    0.5664    0.0537  q PC
 4.50  5800.  0.0  2.0   0.6202    0.2331    0.8019    0.4948    0.0464  q PC
 5.00  5800.  0.0  2.0   0.6134    0.2284    0.7460    0.4207    0.0395  q PC
 5.50  5800.  0.0  2.0   0.6121    0.2282    0.7170    0.3812    0.0358  q PC
 6.00  5800.  0.0  2.0   0.6144    0.2296    0.6894    0.3395    0.0330  q PC
 2.50  5900.  0.0  2.0   0.7686    0.3828    1.2023    0.9558    0.0942  q PC
 3.00  5900.  0.0  2.0   0.6879    0.2971    1.0620    0.8123    0.0765  q PC
 3.50  5900.  0.0  2.0   0.6503    0.2586    0.9533    0.6846    0.0664  q PC
 4.00  5900.  0.0  2.0   0.6235    0.2305    0.8635    0.5728    0.0535  q PC
 4.50  5900.  0.0  2.0   0.6169    0.2337    0.8007    0.4986    0.0455  q PC
 5.00  5900.  0.0  2.0   0.6075    0.2305    0.7431    0.4274    0.0390  q PC
 5.50  5900.  0.0  2.0   0.6073    0.2287    0.7138    0.3843    0.0350  q PC
 6.00  5900.  0.0  2.0   0.6072    0.2315    0.6848    0.3454    0.0319  q PC
 2.50  6000.  0.0  2.0   0.7621    0.3817    1.2001    0.9613    0.0935  q PC
 3.00  6000.  0.0  2.0   0.6834    0.2986    1.0635    0.8220    0.0755  q PC
 3.50  6000.  0.0  2.0   0.6454    0.2593    0.9559    0.6958    0.0655  q PC
 4.00  6000.  0.0  2.0   0.6186    0.2314    0.8620    0.5787    0.0535  q PC
 4.50  6000.  0.0  2.0   0.6095    0.2367    0.7966    0.5064    0.0458  q PC
 5.00  6000.  0.0  2.0   0.6013    0.2317    0.7404    0.4340    0.0384  q PC
 5.50  6000.  0.0  2.0   0.5987    0.2314    0.7078    0.3908    0.0342  q PC
 6.00  6000.  0.0  2.0   0.6020    0.2324    0.6809    0.3484    0.0312  q PC
 2.50  6100.  0.0  2.0   0.7626    0.3922    1.2176    0.9911    0.0919  q PC
 3.00  6100.  0.0  2.0   0.6799    0.3014    1.0650    0.8317    0.0754  q PC
 3.50  6100.  0.0  2.0   0.6423    0.2607    0.9614    0.7091    0.0650  q PC
 4.00  6100.  0.0  2.0   0.6155    0.2316    0.8613    0.5825    0.0531  q PC
 4.50  6100.  0.0  2.0   0.6043    0.2382    0.7942    0.5121    0.0456  q PC
 5.00  6100.  0.0  2.0   0.5973    0.2322    0.7392    0.4385    0.0378  q PC
 5.50  6100.  0.0  2.0   0.5928    0.2331    0.7036    0.3953    0.0339  q PC
 6.00  6100.  0.0  2.0   0.5964    0.2490    0.6772    0.3676    0.0284  q PC
 2.50  6200.  0.0  2.0   0.7560    0.3897    1.2117    0.9911    0.0912  q PC
 3.00  6200.  0.0  2.0   0.6765    0.3048    1.0665    0.8418    0.0751  q PC
 3.50  6200.  0.0  2.0   0.6364    0.2617    0.9625    0.7197    0.0651  q PC
 4.00  6200.  0.0  2.0   0.6102    0.2320    0.8594    0.5877    0.0530  q PC
 4.50  6200.  0.0  2.0   0.5989    0.2387    0.7917    0.5169    0.0451  q PC
 5.00  6200.  0.0  2.0   0.5917    0.2334    0.7373    0.4453    0.0376  q PC
 5.50  6200.  0.0  2.0   0.5899    0.2476    0.7016    0.4109    0.0325  q PC
 6.00  6200.  0.0  2.0   0.5884    0.2549    0.6714    0.3763    0.0283  q PC
 2.50  6300.  0.0  2.0   0.7570    0.4024    1.2295    1.0230    0.0901  q PC
 3.00  6300.  0.0  2.0   0.6732    0.3081    1.0687    0.8525    0.0742  q PC
 3.50  6300.  0.0  2.0   0.6327    0.2631    0.9693    0.7357    0.0634  q PC
 4.00  6300.  0.0  2.0   0.6040    0.2326    0.8571    0.5939    0.0532  q PC
 4.50  6300.  0.0  2.0   0.5952    0.2391    0.7909    0.5216    0.0445  q PC
 5.00  6300.  0.0  2.0   0.5834    0.2329    0.7356    0.4545    0.0371  q PC
 5.50  6300.  0.0  2.0   0.5831    0.2523    0.6964    0.4177    0.0326  q PC
 6.00  6300.  0.0  2.0   0.5822    0.2582    0.6674    0.3829    0.0281  q PC
 2.50  6400.  0.0  2.0   0.7503    0.3992    1.2227    1.0213    0.0898  q PC
 3.00  6400.  0.0  2.0   0.6701    0.3120    1.0731    0.8664    0.0738  q PC
 3.50  6400.  0.0  2.0   0.6277    0.2645    0.9704    0.7454    0.0632  q PC
 4.00  6400.  0.0  2.0   0.5994    0.2331    0.8558    0.5990    0.0530  q PC
 4.50  6400.  0.0  2.0   0.5886    0.2386    0.7894    0.5286    0.0442  q PC
 5.00  6400.  0.0  2.0   0.5789    0.2341    0.7351    0.4614    0.0381  q PC
 5.50  6400.  0.0  2.0   0.5759    0.2543    0.6913    0.4227    0.0325  q PC
 6.00  6400.  0.0  2.0   0.5760    0.2608    0.6635    0.3887    0.0281  q PC
 2.50  6500.  0.0  2.0   0.7472    0.4039    1.2271    1.0354    0.0891  q PC
 3.00  6500.  0.0  2.0   0.6672    0.3163    1.0792    0.8823    0.0737  q PC
 3.50  6500.  0.0  2.0   0.6246    0.2684    0.9741    0.7586    0.0631  q PC
 4.00  6500.  0.0  2.0   0.5956    0.2348    0.8552    0.6053    0.0531  q PC
 4.50  6500.  0.0  2.0   0.5848    0.2386    0.7921    0.5376    0.0439  q PC
 5.00  6500.  0.0  2.0   0.5739    0.2340    0.7350    0.4685    0.0380  q PC
 5.50  6500.  0.0  2.0   0.5714    0.2550    0.6881    0.4253    0.0323  q PC
 6.00  6500.  0.0  2.0   0.5684    0.2599    0.6583    0.3917    0.0281  q PC
 2.50  6600.  0.0  2.0   0.7405    0.4048    1.2281    1.0469    0.0880  q PC
 3.00  6600.  0.0  2.0   0.6639    0.3202    1.0849    0.8980    0.0735  q PC
 3.50  6600.  0.0  2.0   0.6209    0.2705    0.9739    0.7657    0.0629  q PC
 4.00  6600.  0.0  2.0   0.5912    0.2363    0.8575    0.6164    0.0526  q PC
 4.50  6600.  0.0  2.0   0.5802    0.2402    0.7957    0.5511    0.0440  q PC
 5.00  6600.  0.0  2.0   0.5690    0.2336    0.7349    0.4750    0.0380  q PC
 5.50  6600.  0.0  2.0   0.5650    0.2556    0.6836    0.4288    0.0322  q PC
 6.00  6600.  0.0  2.0   0.5624    0.2612    0.6546    0.3963    0.0281  q PC
 2.50  6700.  0.0  2.0   0.7441    0.4200    1.2271    1.0555    0.1066  q PC
 3.00  6700.  0.0  2.0   0.6602    0.3235    1.0885    0.9109    0.0730  q PC
 3.50  6700.  0.0  2.0   0.6175    0.2755    0.9758    0.7780    0.0627  q PC
 4.00  6700.  0.0  2.0   0.5874    0.2382    0.8638    0.6322    0.0527  q PC
 4.50  6700.  0.0  2.0   0.5761    0.2407    0.8002    0.5639    0.0438  q PC
 5.00  6700.  0.0  2.0   0.5645    0.2336    0.7347    0.4813    0.0380  q PC
 5.50  6700.  0.0  2.0   0.5601    0.2558    0.6801    0.4311    0.0321  q PC
 6.00  6700.  0.0  2.0   0.5569    0.2621    0.6511    0.4001    0.0280  q PC
 2.50  6800.  0.0  2.0   0.7388    0.4257    1.2361    1.0791    0.1049  q PC
 3.00  6800.  0.0  2.0   0.6549    0.3252    1.0893    0.9212    0.0716  q PC
 3.50  6800.  0.0  2.0   0.6137    0.2792    0.9761    0.7874    0.0629  q PC
 4.00  6800.  0.0  2.0   0.5837    0.2405    0.8704    0.6489    0.0525  q PC
 4.50  6800.  0.0  2.0   0.5720    0.2406    0.8027    0.5734    0.0437  q PC
 5.00  6800.  0.0  2.0   0.5605    0.2336    0.7344    0.4867    0.0376  q PC
 5.50  6800.  0.0  2.0   0.5554    0.2559    0.6769    0.4333    0.0319  q PC
 6.00  6800.  0.0  2.0   0.5516    0.2626    0.6475    0.4031    0.0280  q PC
 2.50  6900.  0.0  2.0   0.7336    0.4274    1.2343    1.0858    0.1076  q PC
 3.00  6900.  0.0  2.0   0.6500    0.3274    1.0909    0.9323    0.0709  q PC
 3.50  6900.  0.0  2.0   0.6104    0.2803    0.9749    0.7914    0.0627  q PC
 4.00  6900.  0.0  2.0   0.5806    0.2440    0.8745    0.6623    0.0536  q PC
 4.50  6900.  0.0  2.0   0.5681    0.2408    0.8043    0.5813    0.0437  q PC
 5.00  6900.  0.0  2.0   0.5566    0.2338    0.7332    0.4910    0.0379  q PC
 5.50  6900.  0.0  2.0   0.5512    0.2557    0.6741    0.4353    0.0318  q PC
 6.00  6900.  0.0  2.0   0.5464    0.2626    0.6439    0.4055    0.0279  q PC
 2.50  7000.  0.0  2.0   0.7296    0.4289    1.2291    1.0869    0.1100  q PC
 3.00  7000.  0.0  2.0   0.6442    0.3284    1.0909    0.9414    0.0705  q PC
 3.50  7000.  0.0  2.0   0.6059    0.2826    0.9745    0.7996    0.0622  q PC
 4.00  7000.  0.0  2.0   0.5768    0.2465    0.8768    0.6732    0.0538  q PC
 4.50  7000.  0.0  2.0   0.5642    0.2414    0.8031    0.5857    0.0438  q PC
 5.00  7000.  0.0  2.0   0.5526    0.2337    0.7312    0.4937    0.0383  q PC
 5.50  7000.  0.0  2.0   0.5471    0.2559    0.6714    0.4376    0.0317  q PC
 6.00  7000.  0.0  2.0   0.5417    0.2627    0.6405    0.4076    0.0278  q PC
 2.50  7200.  0.0  2.0   0.7181    0.4336    1.2317    1.1104    0.1122  q PC
 3.00  7200.  0.0  2.0   0.6332    0.3326    1.0937    0.9643    0.0713  q PC
 3.50  7200.  0.0  2.0   0.5954    0.2852    0.9731    0.8150    0.0604  q PC
 4.00  7200.  0.0  2.0   0.5681    0.2532    0.8785    0.6945    0.0539  q PC
 4.50  7200.  0.0  2.0   0.5559    0.2423    0.8000    0.5938    0.0442  q PC
 5.00  7200.  0.0  2.0   0.5442    0.2335    0.7266    0.4987    0.0382  q PC
 5.50  7200.  0.0  2.0   0.5391    0.2551    0.6701    0.4465    0.0315  q PC
 6.00  7200.  0.0  2.0   0.5328    0.2621    0.6339    0.4104    0.0275  q PC
 2.50  7400.  0.0  2.0   0.7098    0.4396    1.2305    1.1263    0.1178  q PC
 3.00  7400.  0.0  2.0   0.6241    0.3378    1.0927    0.9807    0.0723  q PC
 3.50  7400.  0.0  2.0   0.5866    0.2912    0.9744    0.8350    0.0605  q PC
 4.00  7400.  0.0  2.0   0.5593    0.2558    0.8758    0.7059    0.0522  q PC
 4.50  7400.  0.0  2.0   0.5428    0.2589    0.7944    0.6206    0.0441  q PC
 5.00  7400.  0.0  2.0   0.5370    0.2346    0.7226    0.5044    0.0384  q PC
 5.50  7400.  0.0  2.0   0.5319    0.2550    0.6779    0.4684    0.0313  q PC
 6.00  7400.  0.0  2.0   0.5248    0.2614    0.6278    0.4125    0.0273  q PC
 2.50  7600.  0.0  2.0   0.7028    0.4475    1.2352    1.1488    0.1243  q PC
 3.00  7600.  0.0  2.0   0.6140    0.3430    1.0959    1.0036    0.0745  q PC
 3.50  7600.  0.0  2.0   0.5767    0.2957    0.9792    0.8594    0.0617  q PC
 4.00  7600.  0.0  2.0   0.5503    0.2765    0.8752    0.7390    0.0498  q PC
 4.50  7600.  0.0  2.0   0.5391    0.2455    0.7929    0.6107    0.0450  q PC
 5.00  7600.  0.0  2.0   0.5288    0.2347    0.7183    0.5100    0.0392  q PC
 5.50  7600.  0.0  2.0   0.5249    0.2547    0.6800    0.4814    0.0313  q PC
 6.00  7600.  0.0  2.0   0.5177    0.2611    0.6227    0.4152    0.0269  q PC
 2.50  7800.  0.0  2.0   0.6910    0.4494    1.2263    1.1569    0.1249  q PC
 3.00  7800.  0.0  2.0   0.6064    0.3496    1.1020    1.0280    0.0767  q PC
 3.50  7800.  0.0  2.0   0.5658    0.3077    0.9904    0.9013    0.0627  q PC
 4.00  7800.  0.0  2.0   0.5436    0.2673    0.8727    0.7357    0.0511  q PC
 4.50  7800.  0.0  2.0   0.5295    0.2472    0.7932    0.6262    0.0441  q PC
 5.00  7800.  0.0  2.0   0.5205    0.2359    0.7235    0.5301    0.0401  q PC
 5.50  7800.  0.0  2.0   0.5175    0.2539    0.6767    0.4864    0.0316  q PC
 6.00  7800.  0.0  2.0   0.5106    0.2600    0.6176    0.4170    0.0269  q PC
 2.50  8000.  0.0  2.0   0.6875    0.4579    1.2421    1.1877    0.1339  q PC
 3.00  8000.  0.0  2.0   0.6014    0.3584    1.1062    1.0483    0.0855  q PC
 3.50  8000.  0.0  2.0   0.5588    0.3072    0.9995    0.9217    0.0665  q PC
 4.00  8000.  0.0  2.0   0.5331    0.2695    0.8742    0.7540    0.0532  q PC
 4.50  8000.  0.0  2.0   0.5201    0.2495    0.8062    0.6597    0.0446  q PC
 5.00  8000.  0.0  2.0   0.5122    0.2371    0.7311    0.5537    0.0409  q PC
 5.50  8000.  0.0  2.0   0.4938    0.2475    0.6595    0.4880    0.0359  q PC
 6.00  8000.  0.0  2.0   0.5033    0.2587    0.6172    0.4257    0.0270  q PC
 2.50  8200.  0.0  2.0   0.6968    0.4788    1.2567    1.2117    0.1544  q PC
 3.00  8200.  0.0  2.0   0.5945    0.3631    1.1104    1.0676    0.0888  q PC
 3.50  8200.  0.0  2.0   0.5490    0.3098    1.0049    0.9451    0.0684  q PC
 4.00  8200.  0.0  2.0   0.5214    0.2710    0.8909    0.7941    0.0560  q PC
 4.50  8200.  0.0  2.0   0.5090    0.2509    0.8121    0.6848    0.0461  q PC
 5.00  8200.  0.0  2.0   0.4998    0.2354    0.7304    0.5686    0.0390  q PC
 5.50  8200.  0.0  2.0   0.4873    0.2474    0.6550    0.4908    0.0372  q PC
 6.00  8200.  0.0  2.0   0.4971    0.2593    0.6220    0.4423    0.0277  q PC
 2.50  8400.  0.0  2.0   0.7045    0.4941    1.2843    1.2459    0.1688  q PC
 3.00  8400.  0.0  2.0   0.5881    0.3650    1.1258    1.0968    0.0917  q PC
 3.50  8400.  0.0  2.0   0.5398    0.3109    1.0056    0.9596    0.0706  q PC
 4.00  8400.  0.0  2.0   0.5104    0.2711    0.8977    0.8186    0.0590  q PC
 4.50  8400.  0.0  2.0   0.4976    0.2517    0.8090    0.6968    0.0489  q PC
 5.00  8400.  0.0  2.0   0.4900    0.2365    0.7259    0.5770    0.0405  q PC
 5.50  8400.  0.0  2.0   0.4832    0.2446    0.6522    0.4895    0.0389  q PC
 6.00  8400.  0.0  2.0   0.4894    0.2565    0.6238    0.4531    0.0291  q PC
 2.50  8600.  0.0  2.0   0.7140    0.5099    1.2964    1.2614    0.1829  q PC
 3.00  8600.  0.0  2.0   0.5849    0.3678    1.1469    1.1296    0.0942  q PC
 3.50  8600.  0.0  2.0   0.5319    0.3107    1.0167    0.9845    0.0721  q PC
 4.00  8600.  0.0  2.0   0.4993    0.2733    0.8985    0.8375    0.0592  q PC
 4.50  8600.  0.0  2.0   0.4865    0.2521    0.8044    0.7061    0.0517  q PC
 5.00  8600.  0.0  2.0   0.4793    0.2369    0.7198    0.5836    0.0426  q PC
 5.50  8600.  0.0  2.0   0.4768    0.2281    0.6481    0.4766    0.0374  q PC
 6.00  8600.  0.0  2.0   0.4814    0.2531    0.6196    0.4549    0.0310  q PC
 2.50  8800.  0.0  2.0   0.7325    0.5353    1.3130    1.2783    0.2025  q PC
 3.00  8800.  0.0  2.0   0.5866    0.3740    1.1573    1.1461    0.0967  q PC
 3.50  8800.  0.0  2.0   0.5273    0.3119    1.0442    1.0273    0.0731  q PC
 4.00  8800.  0.0  2.0   0.4925    0.2745    0.8994    0.8493    0.0614  q PC
 4.50  8800.  0.0  2.0   0.4762    0.2520    0.8010    0.7156    0.0536  q PC
 5.00  8800.  0.0  2.0   0.4676    0.2368    0.7130    0.5899    0.0454  q PC
 5.50  8800.  0.0  2.0   0.4659    0.2268    0.6409    0.4802    0.0385  q PC
 6.00  8800.  0.0  2.0   0.4729    0.2498    0.6133    0.4544    0.0331  q PC
 2.50  9000.  0.0  2.0   0.7201    0.5156    1.3351    1.2996    0.1465  q PC
 3.00  9000.  0.0  2.0   0.5912    0.3826    1.1762    1.1704    0.1006  q PC
 3.50  9000.  0.0  2.0   0.5244    0.3130    1.0499    1.0398    0.0735  q PC
 4.00  9000.  0.0  2.0   0.4851    0.2724    0.9121    0.8747    0.0618  q PC
 4.50  9000.  0.0  2.0   0.4663    0.2518    0.8191    0.7545    0.0540  q PC
 5.00  9000.  0.0  2.0   0.4565    0.2350    0.7078    0.5962    0.0475  q PC
 5.50  9000.  0.0  2.0   0.4553    0.2269    0.6405    0.4945    0.0408  q PC
 6.00  9000.  0.0  2.0   0.4636    0.2444    0.6059    0.4512    0.0359  q PC
 2.50  9200.  0.0  2.0   0.7397    0.5416    1.3452    1.3090    0.1608  q PC
 3.00  9200.  0.0  2.0   0.5901    0.3821    1.1943    1.1933    0.0918  q PC
 3.50  9200.  0.0  2.0   0.5232    0.3152    1.0520    1.0464    0.0744  q PC
 4.00  9200.  0.0  2.0   0.4809    0.2728    0.9295    0.9041    0.0629  q PC
 4.50  9200.  0.0  2.0   0.4597    0.2512    0.8310    0.7796    0.0552  q PC
 5.00  9200.  0.0  2.0   0.4480    0.2352    0.7228    0.6296    0.0495  q PC
 5.50  9200.  0.0  2.0   0.4437    0.2254    0.6526    0.5268    0.0430  q PC
 6.00  9200.  0.0  2.0   0.4515    0.2348    0.5967    0.4453    0.0361  q PC
 2.50  9400.  0.0  2.0   0.7627    0.5724    1.3610    1.3233    0.1801  q PC
 3.00  9400.  0.0  2.0   0.5960    0.3918    1.2029    1.2048    0.0950  q PC
 3.50  9400.  0.0  2.0   0.5246    0.3198    1.0610    1.0602    0.0759  q PC
 4.00  9400.  0.0  2.0   0.4785    0.2740    0.9369    0.9185    0.0638  q PC
 4.50  9400.  0.0  2.0   0.4546    0.2505    0.8333    0.7893    0.0560  q PC
 5.00  9400.  0.0  2.0   0.4393    0.2342    0.7320    0.6543    0.0496  q PC
 5.50  9400.  0.0  2.0   0.4346    0.2241    0.6520    0.5373    0.0452  q PC
 6.00  9400.  0.0  2.0   0.4354    0.2268    0.5835    0.4405    0.0413  q PC
 2.50  9600.  0.0  2.0   0.7862    0.6047    1.3768    1.3380    0.2017  q PC
 3.00  9600.  0.0  2.0   0.6027    0.4030    1.2080    1.2126    0.0992  q PC
 3.50  9600.  0.0  2.0   0.5267    0.3251    1.0787    1.0847    0.0775  q PC
 4.00  9600.  0.0  2.0   0.4774    0.2758    0.9390    0.9245    0.0644  q PC
 4.50  9600.  0.0  2.0   0.4533    0.2525    0.8343    0.7942    0.0572  q PC
 5.00  9600.  0.0  2.0   0.4342    0.2343    0.7329    0.6627    0.0509  q PC
 5.50  9600.  0.0  2.0   0.4277    0.2242    0.6478    0.5412    0.0468  q PC
 6.00  9600.  0.0  2.0   0.4278    0.2195    0.5778    0.4356    0.0438  q PC
 2.50  9800.  0.0  2.0   0.8110    0.6397    1.3863    1.3482    0.2279  q PC
 3.00  9800.  0.0  2.0   0.6101    0.4153    1.2152    1.2228    0.1044  q PC
 3.50  9800.  0.0  2.0   0.5299    0.3319    1.0912    1.1025    0.0797  q PC
 4.00  9800.  0.0  2.0   0.4780    0.2793    0.9404    0.9290    0.0657  q PC
 4.50  9800.  0.0  2.0   0.4499    0.2530    0.8333    0.7981    0.0582  q PC
 5.00  9800.  0.0  2.0   0.4302    0.2344    0.7316    0.6665    0.0519  q PC
 5.50  9800.  0.0  2.0   0.4205    0.2242    0.6435    0.5453    0.0478  q PC
 6.00  9800.  0.0  2.0   0.4197    0.2186    0.5718    0.4373    0.0459  q PC
 2.50 10000.  0.0  2.0   0.8335    0.6726    1.3941    1.3573    0.2531  q PC
 3.00 10000.  0.0  2.0   0.6170    0.4278    1.2264    1.2382    0.1109  q PC
 3.50 10000.  0.0  2.0   0.5329    0.3387    1.0969    1.1122    0.0820  q PC
 4.00 10000.  0.0  2.0   0.4792    0.2836    0.9415    0.9329    0.0674  q PC
 4.50 10000.  0.0  2.0   0.4493    0.2553    0.8337    0.8017    0.0593  q PC
 5.00 10000.  0.0  2.0   0.4278    0.2355    0.7308    0.6699    0.0530  q PC
 5.50 10000.  0.0  2.0   0.4162    0.2245    0.6408    0.5477    0.0491  q PC
 6.00 10000.  0.0  2.0   0.4133    0.2176    0.5671    0.4385    0.0476  q PC
 2.50 10200.  0.0  2.0   0.8570    0.7074    1.4060    1.3703    0.2810  q PC
 3.00 10200.  0.0  2.0   0.6249    0.4423    1.2398    1.2566    0.1209  q PC
 3.50 10200.  0.0  2.0   0.5362    0.3460    1.1011    1.1200    0.0845  q PC
 4.00 10200.  0.0  2.0   0.4807    0.2881    0.9429    0.9371    0.0688  q PC
 4.50 10200.  0.0  2.0   0.4493    0.2579    0.8341    0.8048    0.0604  q PC
 5.00 10200.  0.0  2.0   0.4264    0.2372    0.7304    0.6728    0.0542  q PC
 5.50 10200.  0.0  2.0   0.4132    0.2254    0.6390    0.5503    0.0505  q PC
 6.00 10200.  0.0  2.0   0.4079    0.2179    0.5636    0.4415    0.0488  q PC
 2.50 10400.  0.0  2.0   0.8781    0.7401    1.4165    1.3830    0.3078  q PC
 3.00 10400.  0.0  2.0   0.6321    0.4569    1.2486    1.2707    0.1340  q PC
 3.50 10400.  0.0  2.0   0.5388    0.3531    1.1037    1.1264    0.0873  q PC
 4.00 10400.  0.0  2.0   0.4823    0.2930    0.9449    0.9421    0.0704  q PC
 4.50 10400.  0.0  2.0   0.4499    0.2612    0.8350    0.8083    0.0617  q PC
 5.00 10400.  0.0  2.0   0.4256    0.2392    0.7301    0.6754    0.0553  q PC
 5.50 10400.  0.0  2.0   0.4111    0.2268    0.6377    0.5528    0.0518  q PC
 6.00 10400.  0.0  2.0   0.4033    0.2193    0.5634    0.4490    0.0497  q PC
 2.50 10600.  0.0  2.0   0.8949    0.7673    1.4231    1.3930    0.3309  q PC
 3.00 10600.  0.0  2.0   0.6382    0.4707    1.2534    1.2810    0.1492  q PC
 3.50 10600.  0.0  2.0   0.5403    0.3593    1.1054    1.1326    0.0902  q PC
 4.00 10600.  0.0  2.0   0.4833    0.2975    0.9471    0.9479    0.0721  q PC
 4.50 10600.  0.0  2.0   0.4508    0.2649    0.8362    0.8122    0.0629  q PC
 5.00 10600.  0.0  2.0   0.4255    0.2417    0.7303    0.6781    0.0564  q PC
 5.50 10600.  0.0  2.0   0.4096    0.2285    0.6368    0.5550    0.0531  q PC
 6.00 10600.  0.0  2.0   0.4005    0.2202    0.5677    0.4602    0.0509  q PC
 2.50 10800.  0.0  2.0   0.9084    0.7908    1.4279    1.4022    0.3517  q PC
 3.00 10800.  0.0  2.0   0.6428    0.4829    1.2568    1.2902    0.1653  q PC
 3.50 10800.  0.0  2.0   0.5412    0.3652    1.1077    1.1398    0.0934  q PC
 4.00 10800.  0.0  2.0   0.4843    0.3024    0.9559    0.9629    0.0739  q PC
 4.50 10800.  0.0  2.0   0.4512    0.2683    0.8369    0.8157    0.0642  q PC
 5.00 10800.  0.0  2.0   0.4257    0.2445    0.7307    0.6812    0.0576  q PC
 5.50 10800.  0.0  2.0   0.4088    0.2306    0.6363    0.5574    0.0543  q PC
 6.00 10800.  0.0  2.0   0.3985    0.2216    0.5708    0.4688    0.0522  q PC
 2.50 11000.  0.0  2.0   0.8520    0.7174    1.4315    1.4106    0.2621  q PC
 3.00 11000.  0.0  2.0   0.6459    0.4932    1.2600    1.2994    0.1804  q PC
 3.50 11000.  0.0  2.0   0.5414    0.3706    1.1141    1.1525    0.0968  q PC
 4.00 11000.  0.0  2.0   0.4849    0.3073    0.9748    0.9915    0.0759  q PC
 4.50 11000.  0.0  2.0   0.4520    0.2723    0.8433    0.8272    0.0657  q PC
 5.00 11000.  0.0  2.0   0.4257    0.2471    0.7308    0.6837    0.0586  q PC
 5.50 11000.  0.0  2.0   0.4085    0.2329    0.6363    0.5599    0.0556  q PC
 6.00 11000.  0.0  2.0   0.3969    0.2231    0.5727    0.4752    0.0533  q PC
 2.50 11200.  0.0  2.0   0.8555    0.7275    1.4349    1.4188    0.2748  q PC
 3.00 11200.  0.0  2.0   0.6478    0.5016    1.2643    1.3097    0.1935  q PC
 3.50 11200.  0.0  2.0   0.5408    0.3750    1.1307    1.1777    0.0997  q PC
 4.00 11200.  0.0  2.0   0.4852    0.3120    0.9889    1.0141    0.0779  q PC
 4.50 11200.  0.0  2.0   0.4525    0.2763    0.8660    0.8612    0.0673  q PC
 5.00 11200.  0.0  2.0   0.4259    0.2500    0.7315    0.6871    0.0599  q PC
 5.50 11200.  0.0  2.0   0.4078    0.2346    0.6360    0.5621    0.0562  q PC
 6.00 11200.  0.0  2.0   0.3996    0.2277    0.5790    0.4848    0.0547  q PC
 2.50 11400.  0.0  2.0   0.8599    0.7379    1.4397    1.4271    0.2857  q PC
 3.00 11400.  0.0  2.0   0.6482    0.5081    1.2725    1.3244    0.2046  q PC
 3.50 11400.  0.0  2.0   0.5277    0.3660    1.1177    1.1710    0.1006  q PC
 4.00 11400.  0.0  2.0   0.4832    0.3143    0.9912    1.0220    0.0794  q PC
 4.50 11400.  0.0  2.0   0.4524    0.2800    0.8789    0.8825    0.0689  q PC
 5.00 11400.  0.0  2.0   0.4262    0.2531    0.7329    0.6917    0.0611  q PC
 5.50 11400.  0.0  2.0   0.4114    0.2398    0.6384    0.5652    0.0576  q PC
 6.00 11400.  0.0  2.0   0.3988    0.2296    0.5797    0.4887    0.0557  q PC
 2.50 11600.  0.0  2.0   0.8629    0.7456    1.4454    1.4353    0.2941  q PC
 3.00 11600.  0.0  2.0   0.6468    0.5118    1.2835    1.3416    0.2130  q PC
 3.50 11600.  0.0  2.0   0.5233    0.3660    1.1252    1.1860    0.1028  q PC
 4.00 11600.  0.0  2.0   0.4684    0.3031    0.9806    1.0179    0.0776  q PC
 4.50 11600.  0.0  2.0   0.4507    0.2820    0.8809    0.8895    0.0700  q PC
 5.00 11600.  0.0  2.0   0.4145    0.2450    0.7260    0.6908    0.0593  q PC
 5.50 11600.  0.0  2.0   0.4069    0.2387    0.6366    0.5680    0.0581  q PC
 6.00 11600.  0.0  2.0   0.3981    0.2315    0.5818    0.4946    0.0566  q PC
 2.50 11800.  0.0  2.0   0.8666    0.7536    1.4517    1.4433    0.3012  q PC
 3.00 11800.  0.0  2.0   0.6451    0.5146    1.2911    1.3547    0.2199  q PC
 3.50 11800.  0.0  2.0   0.5291    0.3768    1.1519    1.2211    0.1058  q PC
 4.00 11800.  0.0  2.0   0.4636    0.3022    0.9827    1.0263    0.0782  q PC
 4.50 11800.  0.0  2.0   0.4477    0.2828    0.8811    0.8946    0.0708  q PC
 5.00 11800.  0.0  2.0   0.4117    0.2452    0.7253    0.6939    0.0597  q PC
 5.50 11800.  0.0  2.0   0.4104    0.2436    0.6400    0.5726    0.0592  q PC
 6.00 11800.  0.0  2.0   0.3972    0.2329    0.5810    0.4959    0.0572  q PC
 2.50 12000.  0.0  2.0   0.8701    0.7610    1.4574    1.4503    0.3077  q PC
 3.00 12000.  0.0  2.0   0.6420    0.5155    1.2964    1.3655    0.2262  q PC
 3.50 12000.  0.0  2.0   0.5239    0.3752    1.1546    1.2300    0.1066  q PC
 4.00 12000.  0.0  2.0   0.4581    0.3003    0.9834    1.0331    0.0784  q PC
 4.50 12000.  0.0  2.0   0.4438    0.2825    0.8806    0.8991    0.0713  q PC
 5.00 12000.  0.0  2.0   0.4083    0.2447    0.7262    0.6995    0.0599  q PC
 5.50 12000.  0.0  2.0   0.4090    0.2446    0.6439    0.5813    0.0595  q PC
 6.00 12000.  0.0  2.0   0.3961    0.2342    0.5830    0.5016    0.0578  q PC
