 2.50  2300.  0.0  2.0   0.8848    0.4211    1.1060    0.6911    0.0466  r PC
 3.00  2300.  0.0  2.0   0.9317    0.4743    1.0453    0.6024    0.1092  r PC
 3.50  2300.  0.0  2.0   0.9209    0.4097    1.0096    0.5174    0.0620  r PC
 4.00  2300.  0.0  2.0   0.9254    0.3604    0.9892    0.4445    0.0169  r PC
 4.50  2300.  0.0  2.0   0.9172    0.3304    0.9704    0.4044    0.0070  r PC
 5.00  2300.  0.0  2.0   0.9063    0.3123    0.9415    0.3601    0.0091  r PC
 5.50  2300.  0.0  2.0   0.8805    0.3357    0.9067    0.3689    0.0273  r PC
 6.00  2300.  0.0  2.0   0.8720    0.3490    0.8898    0.3695    0.0387  r PC
 2.50  2400.  0.0  2.0   0.8687    0.4507    1.1048    0.7367    0.0727  r PC
 3.00  2400.  0.0  2.0   0.8824    0.4570    1.0404    0.6518    0.0659  r PC
 3.50  2400.  0.0  2.0   0.9272    0.4799    1.0084    0.5703    0.1026  r PC
 4.00  2400.  0.0  2.0   0.9311    0.4179    0.9893    0.4896    0.0410  r PC
 4.50  2400.  0.0  2.0   0.9366    0.3664    0.9841    0.4315    0.0063  r PC
 5.00  2400.  0.0  2.0   0.9338    0.3703    0.9671    0.4174    0.0118  r PC
 5.50  2400.  0.0  2.0   0.9161    0.3655    0.9409    0.3996    0.0068  r PC
 6.00  2400.  0.0  2.0   0.8965    0.3700    0.9134    0.3907    0.0221  r PC
 2.50  2500.  0.0  2.0   0.8497    0.4686    1.1051    0.7758    0.1039  r PC
 3.00  2500.  0.0  2.0   0.8592    0.4873    1.0336    0.7001    0.0973  r PC
 3.50  2500.  0.0  2.0   0.8836    0.4831    0.9970    0.6208    0.0774  r PC
 4.00  2500.  0.0  2.0   0.9264    0.4882    0.9787    0.5439    0.0888  r PC
 4.50  2500.  0.0  2.0   0.9376    0.4328    0.9794    0.4840    0.0326  r PC
 5.00  2500.  0.0  2.0   0.9443    0.3833    0.9750    0.4262    0.0096  r PC
 5.50  2500.  0.0  2.0   0.9411    0.4129    0.9628    0.4423    0.0161  r PC
 6.00  2500.  0.0  2.0   0.9173    0.4033    0.9323    0.4214    0.0169  r PC
 2.50  2600.  0.0  2.0   0.8412    0.4764    1.1071    0.7932    0.1312  r PC
 3.00  2600.  0.0  2.0   0.8367    0.5047    1.0293    0.7381    0.1298  r PC
 3.50  2600.  0.0  2.0   0.8482    0.4981    0.9856    0.6668    0.0915  r PC
 4.00  2600.  0.0  2.0   0.8856    0.5058    0.9614    0.5934    0.0844  r PC
 4.50  2600.  0.0  2.0   0.9338    0.5097    0.9665    0.5396    0.0850  r PC
 5.00  2600.  0.0  2.0   0.9467    0.4631    0.9717    0.4918    0.0262  r PC
 5.50  2600.  0.0  2.0   0.9509    0.4176    0.9714    0.4459    0.0139  r PC
 6.00  2600.  0.0  2.0   0.9438    0.3954    0.9593    0.4175    0.0151  r PC
 2.50  2700.  0.0  2.0   0.8258    0.4521    1.1135    0.7976    0.1233  r PC
 3.00  2700.  0.0  2.0   0.8075    0.4893    1.0291    0.7630    0.1248  r PC
 3.50  2700.  0.0  2.0   0.8193    0.5110    0.9729    0.6986    0.1205  r PC
 4.00  2700.  0.0  2.0   0.8474    0.5212    0.9398    0.6289    0.1061  r PC
 4.50  2700.  0.0  2.0   0.8873    0.5288    0.9387    0.5824    0.0904  r PC
 5.00  2700.  0.0  2.0   0.9366    0.5375    0.9530    0.5445    0.0823  r PC
 5.50  2700.  0.0  2.0   0.9484    0.4983    0.9614    0.5080    0.0356  r PC
 6.00  2700.  0.0  2.0   0.9490    0.4566    0.9590    0.4658    0.0209  r PC
 2.50  2800.  0.0  2.0   0.8225    0.4253    1.1219    0.7850    0.1124  r PC
 3.00  2800.  0.0  2.0   0.8086    0.5027    1.0361    0.7793    0.1549  r PC
 3.50  2800.  0.0  2.0   0.7876    0.4999    0.9669    0.7235    0.1209  r PC
 4.00  2800.  0.0  2.0   0.8134    0.5305    0.9205    0.6551    0.1364  r PC
 4.50  2800.  0.0  2.0   0.8423    0.5372    0.9078    0.6068    0.1179  r PC
 5.00  2800.  0.0  2.0   0.8844    0.5460    0.9139    0.5674    0.1039  r PC
 5.50  2800.  0.0  2.0   0.9140    0.5356    0.9260    0.5360    0.0790  r PC
 2.50  2900.  0.0  2.0   0.8277    0.3990    1.1236    0.7541    0.0993  r PC
 3.00  2900.  0.0  2.0   0.8047    0.4893    1.0373    0.7738    0.1465  r PC
 3.50  2900.  0.0  2.0   0.7801    0.5095    0.9618    0.7331    0.1490  r PC
 4.00  2900.  0.0  2.0   0.7797    0.5191    0.9000    0.6625    0.1415  r PC
 4.50  2900.  0.0  2.0   0.8047    0.5390    0.8762    0.6141    0.1476  r PC
 5.00  2900.  0.0  2.0   0.8368    0.5480    0.8738    0.5762    0.1337  r PC
 5.50  2900.  0.0  2.0   0.8733    0.5468    0.8903    0.5496    0.1118  r PC
 6.00  2900.  0.0  2.0   0.9047    0.5304    0.9103    0.5216    0.0825  r PC
 2.50  3000.  0.0  2.0   0.8629    0.4041    1.1237    0.7064    0.1206  r PC
 3.00  3000.  0.0  2.0   0.8091    0.4758    1.0322    0.7492    0.1356  r PC
 3.50  3000.  0.0  2.0   0.7712    0.4986    0.9516    0.7219    0.1446  r PC
 4.00  3000.  0.0  2.0   0.7551    0.5052    0.8835    0.6609    0.1413  r PC
 4.50  3000.  0.0  2.0   0.7688    0.5251    0.8525    0.6171    0.1563  r PC
 5.50  3000.  0.0  2.0   0.8242    0.5402    0.8456    0.5462    0.1391  r PC
 6.00  3000.  0.0  2.0   0.8573    0.5357    0.8629    0.5220    0.1179  r PC
 2.50  3100.  0.0  2.0   0.8776    0.3478    1.1188    0.6244    0.1024  r PC
 3.00  3100.  0.0  2.0   0.8177    0.4604    1.0355    0.7269    0.1251  r PC
 3.50  3100.  0.0  2.0   0.7690    0.4856    0.9564    0.7188    0.1380  r PC
 4.00  3100.  0.0  2.0   0.7403    0.4913    0.8791    0.6622    0.1383  r PC
 4.50  3100.  0.0  2.0   0.7413    0.5077    0.8357    0.6158    0.1568  r PC
 5.00  3100.  0.0  2.0   0.7546    0.5175    0.8086    0.5684    0.1576  r PC
 5.50  3100.  0.0  2.0   0.7802    0.5253    0.8080    0.5393    0.1531  r PC
 6.00  3100.  0.0  2.0   0.8107    0.5290    0.8211    0.5196    0.1417  r PC
 2.50  3200.  0.0  2.0   0.8480    0.3431    1.1114    0.6454    0.1276  r PC
 3.00  3200.  0.0  2.0   0.8243    0.4270    1.0428    0.6938    0.1116  r PC
 3.50  3200.  0.0  2.0   0.7686    0.4640    0.9676    0.7134    0.1272  r PC
 4.00  3200.  0.0  2.0   0.7317    0.4733    0.8843    0.6643    0.1311  r PC
 4.50  3200.  0.0  2.0   0.7213    0.4901    0.8283    0.6170    0.1530  r PC
 5.00  3200.  0.0  2.0   0.7241    0.4983    0.7881    0.5642    0.1573  r PC
 5.50  3200.  0.0  2.0   0.7419    0.5064    0.7776    0.5320    0.1565  r PC
 6.00  3200.  0.0  2.0   0.7693    0.5114    0.7852    0.5097    0.1486  r PC
 2.50  3300.  0.0  2.0   0.8085    0.2998    1.1202    0.6610    0.1287  r PC
 3.00  3300.  0.0  2.0   0.8108    0.3766    1.0462    0.6637    0.1159  r PC
 3.50  3300.  0.0  2.0   0.7716    0.4437    0.9725    0.6939    0.1357  r PC
 4.00  3300.  0.0  2.0   0.7307    0.4607    0.8875    0.6571    0.1401  r PC
 4.50  3300.  0.0  2.0   0.7068    0.4687    0.8246    0.6127    0.1424  r PC
 5.00  3300.  0.0  2.0   0.7021    0.4787    0.7774    0.5625    0.1501  r PC
 5.50  3300.  0.0  2.0   0.7111    0.4861    0.7554    0.5255    0.1512  r PC
 6.00  3300.  0.0  2.0   0.7331    0.4963    0.7553    0.5041    0.1499  r PC
 2.50  3400.  0.0  2.0   0.7600    0.2427    1.1199    0.6688    0.1201  r PC
 3.00  3400.  0.0  2.0   0.7674    0.3198    1.0336    0.6474    0.1350  r PC
 3.50  3400.  0.0  2.0   0.7590    0.4015    0.9678    0.6633    0.1372  r PC
 4.00  3400.  0.0  2.0   0.7262    0.4385    0.8867    0.6407    0.1425  r PC
 4.50  3400.  0.0  2.0   0.7006    0.4549    0.8224    0.6052    0.1464  r PC
 5.00  3400.  0.0  2.0   0.6854    0.4604    0.7708    0.5606    0.1395  r PC
 5.50  3400.  0.0  2.0   0.6886    0.4707    0.7397    0.5213    0.1438  r PC
 6.00  3400.  0.0  2.0   0.7048    0.4842    0.7326    0.5011    0.1469  r PC
 2.50  3500.  0.0  2.0   0.7299    0.1982    1.1150    0.6581    0.1283  r PC
 3.00  3500.  0.0  2.0   0.7416    0.2522    1.0234    0.6030    0.1327  r PC
 3.50  3500.  0.0  2.0   0.7305    0.3357    0.9584    0.6279    0.1206  r PC
 4.00  3500.  0.0  2.0   0.7091    0.3961    0.8824    0.6200    0.1204  r PC
 4.50  3500.  0.0  2.0   0.6883    0.4283    0.8202    0.5959    0.1278  r PC
 5.00  3500.  0.0  2.0   0.6718    0.4422    0.7657    0.5566    0.1265  r PC
 5.50  3500.  0.0  2.0   0.6703    0.4582    0.7272    0.5185    0.1363  r PC
 6.00  3500.  0.0  2.0   0.6804    0.4726    0.7130    0.4970    0.1440  r PC
 2.50  3600.  0.0  2.0   0.7047    0.1434    1.1104    0.6348    0.1128  r PC
 3.00  3600.  0.0  2.0   0.7210    0.1847    1.0117    0.5484    0.1431  r PC
 3.50  3600.  0.0  2.0   0.7177    0.2819    0.9510    0.5828    0.1202  r PC
 4.00  3600.  0.0  2.0   0.6987    0.3569    0.8789    0.5933    0.1071  r PC
 4.50  3600.  0.0  2.0   0.6843    0.4127    0.8187    0.5847    0.1318  r PC
 5.00  3600.  0.0  2.0   0.6654    0.4322    0.7624    0.5520    0.1258  r PC
 5.50  3600.  0.0  2.0   0.6573    0.4461    0.7191    0.5151    0.1266  r PC
 6.00  3600.  0.0  2.0   0.6623    0.4652    0.6989    0.4960    0.1399  r PC
 2.50  3700.  0.0  2.0   0.7098    0.1308    1.1087    0.6121    0.1271  r PC
 3.00  3700.  0.0  2.0   0.7073    0.1405    1.0062    0.5170    0.1308  r PC
 3.50  3700.  0.0  2.0   0.7127    0.2266    0.9453    0.5279    0.1231  r PC
 4.00  3700.  0.0  2.0   0.6971    0.3199    0.8779    0.5584    0.1017  r PC
 4.50  3700.  0.0  2.0   0.6806    0.3915    0.8189    0.5709    0.1229  r PC
 5.00  3700.  0.0  2.0   0.6602    0.4201    0.7618    0.5482    0.1144  r PC
 5.50  3700.  0.0  2.0   0.6486    0.4389    0.7129    0.5123    0.1223  r PC
 6.00  3700.  0.0  2.0   0.6491    0.4570    0.6892    0.4936    0.1337  r PC
 2.50  3800.  0.0  2.0   0.7194    0.1324    1.1108    0.6034    0.1357  r PC
 3.00  3800.  0.0  2.0   0.7154    0.1385    1.0081    0.5061    0.1415  r PC
 3.50  3800.  0.0  2.0   0.7087    0.1742    0.9436    0.4817    0.0977  r PC
 4.00  3800.  0.0  2.0   0.7036    0.2812    0.8799    0.5145    0.0991  r PC
 4.50  3800.  0.0  2.0   0.6838    0.3715    0.8216    0.5512    0.1192  r PC
 5.00  3800.  0.0  2.0   0.6559    0.4073    0.7608    0.5416    0.1066  r PC
 5.50  3800.  0.0  2.0   0.6415    0.4309    0.7085    0.5092    0.1154  r PC
 6.00  3800.  0.0  2.0   0.6373    0.4486    0.6802    0.4902    0.1286  r PC
 2.50  3900.  0.0  2.0   0.7144    0.1203    1.1159    0.6111    0.0941  r PC
 3.00  3900.  0.0  2.0   0.7054    0.1173    1.0123    0.5109    0.1013  r PC
 3.50  3900.  0.0  2.0   0.7036    0.1321    0.9386    0.4418    0.1022  r PC
 4.00  3900.  0.0  2.0   0.7031    0.2415    0.8773    0.4729    0.1021  r PC
 4.50  3900.  0.0  2.0   0.6802    0.3321    0.8226    0.5215    0.0903  r PC
 5.00  3900.  0.0  2.0   0.6591    0.3962    0.7638    0.5307    0.1031  r PC
 5.50  3900.  0.0  2.0   0.6354    0.4209    0.7046    0.5031    0.1098  r PC
 6.00  3900.  0.0  2.0   0.6275    0.4396    0.6729    0.4855    0.1233  r PC
 2.50  4000.  0.0  2.0   0.7219    0.1426    1.1201    0.6286    0.1020  r PC
 3.00  4000.  0.0  2.0   0.7157    0.1394    1.0170    0.5246    0.1097  r PC
 3.50  4000.  0.0  2.0   0.7142    0.1404    0.9394    0.4337    0.1168  r PC
 4.00  4000.  0.0  2.0   0.7095    0.2087    0.8784    0.4329    0.1056  r PC
 4.50  4000.  0.0  2.0   0.6875    0.3015    0.8249    0.4841    0.0912  r PC
 5.00  4000.  0.0  2.0   0.6596    0.3738    0.7644    0.5091    0.1001  r PC
 5.50  4000.  0.0  2.0   0.6338    0.4093    0.7036    0.4931    0.1060  r PC
 6.00  4000.  0.0  2.0   0.6153    0.4238    0.6640    0.4757    0.1154  r PC
 2.50  4100.  0.0  2.0   0.7254    0.1637    1.1224    0.6477    0.1138  r PC
 3.00  4100.  0.0  2.0   0.7258    0.1689    1.0199    0.5419    0.1255  r PC
 3.50  4100.  0.0  2.0   0.7208    0.1624    0.9418    0.4488    0.1272  r PC
 4.00  4100.  0.0  2.0   0.7130    0.1791    0.8783    0.3990    0.1127  r PC
 4.50  4100.  0.0  2.0   0.6996    0.2638    0.8311    0.4391    0.0865  r PC
 5.00  4100.  0.0  2.0   0.6652    0.3439    0.7682    0.4777    0.0963  r PC
 5.50  4100.  0.0  2.0   0.6347    0.3901    0.7059    0.4772    0.0973  r PC
 6.00  4100.  0.0  2.0   0.6122    0.4122    0.6622    0.4669    0.1100  r PC
 2.50  4200.  0.0  2.0   0.7239    0.1782    1.1228    0.6654    0.1230  r PC
 3.00  4200.  0.0  2.0   0.7262    0.1858    1.0197    0.5575    0.1386  r PC
 3.50  4200.  0.0  2.0   0.7096    0.1577    0.9411    0.4623    0.0959  r PC
 4.00  4200.  0.0  2.0   0.7062    0.1533    0.8754    0.3802    0.0922  r PC
 4.50  4200.  0.0  2.0   0.6997    0.2253    0.8285    0.3974    0.0910  r PC
 5.00  4200.  0.0  2.0   0.6738    0.3098    0.7737    0.4401    0.0936  r PC
 5.50  4200.  0.0  2.0   0.6283    0.3513    0.7031    0.4463    0.0817  r PC
 6.00  4200.  0.0  2.0   0.6110    0.3956    0.6622    0.4532    0.1038  r PC
 2.50  4300.  0.0  2.0   0.7243    0.1953    1.1224    0.6817    0.1339  r PC
 3.00  4300.  0.0  2.0   0.7240    0.1985    1.0181    0.5711    0.1487  r PC
 3.50  4300.  0.0  2.0   0.7067    0.1683    0.9391    0.4744    0.1032  r PC
 4.00  4300.  0.0  2.0   0.7025    0.1621    0.8720    0.3883    0.1025  r PC
 4.50  4300.  0.0  2.0   0.7050    0.1961    0.8303    0.3646    0.0941  r PC
 5.00  4300.  0.0  2.0   0.6889    0.2757    0.7846    0.4013    0.0875  r PC
 5.50  4300.  0.0  2.0   0.6530    0.3402    0.7216    0.4255    0.0854  r PC
 6.00  4300.  0.0  2.0   0.6136    0.3748    0.6657    0.4349    0.0965  r PC
 2.50  4400.  0.0  2.0   0.7229    0.2094    1.1214    0.6970    0.1388  r PC
 3.00  4400.  0.0  2.0   0.7203    0.2082    1.0154    0.5829    0.1541  r PC
 3.50  4400.  0.0  2.0   0.7028    0.1775    0.9368    0.4861    0.1091  r PC
 4.00  4400.  0.0  2.0   0.6994    0.1698    0.8700    0.3975    0.1088  r PC
 4.50  4400.  0.0  2.0   0.6993    0.1722    0.8241    0.3401    0.1056  r PC
 5.00  4400.  0.0  2.0   0.6798    0.2202    0.7822    0.3598    0.0595  r PC
 5.50  4400.  0.0  2.0   0.6586    0.3018    0.7272    0.3891    0.0765  r PC
 6.00  4400.  0.0  2.0   0.6296    0.3591    0.6802    0.4181    0.0891  r PC
 2.50  4500.  0.0  2.0   0.7197    0.2204    1.1199    0.7112    0.1407  r PC
 3.00  4500.  0.0  2.0   0.7131    0.2135    1.0117    0.5943    0.1553  r PC
 3.50  4500.  0.0  2.0   0.6985    0.1857    0.9350    0.4982    0.1114  r PC
 4.00  4500.  0.0  2.0   0.6944    0.1764    0.8675    0.4083    0.1120  r PC
 4.50  4500.  0.0  2.0   0.6940    0.1747    0.8186    0.3414    0.1140  r PC
 5.00  4500.  0.0  2.0   0.6899    0.1979    0.7894    0.3346    0.0587  r PC
 5.50  4500.  0.0  2.0   0.6737    0.2708    0.7409    0.3580    0.0660  r PC
 6.00  4500.  0.0  2.0   0.6368    0.3278    0.6880    0.3894    0.0794  r PC
 2.50  4600.  0.0  2.0   0.7146    0.2283    1.1184    0.7251    0.1413  r PC
 3.00  4600.  0.0  2.0   0.7123    0.2262    1.0108    0.6071    0.1578  r PC
 3.50  4600.  0.0  2.0   0.6935    0.1931    0.9332    0.5107    0.1120  r PC
 4.00  4600.  0.0  2.0   0.6901    0.1843    0.8655    0.4198    0.1142  r PC
 4.50  4600.  0.0  2.0   0.6821    0.1683    0.8157    0.3508    0.0789  r PC
 5.00  4600.  0.0  2.0   0.6839    0.1737    0.7851    0.3140    0.0619  r PC
 5.50  4600.  0.0  2.0   0.6752    0.2324    0.7445    0.3256    0.0544  r PC
 6.00  4600.  0.0  2.0   0.6486    0.2984    0.6993    0.3610    0.0714  r PC
 2.50  4700.  0.0  2.0   0.7046    0.2285    1.1169    0.7387    0.1384  r PC
 3.00  4700.  0.0  2.0   0.7062    0.2319    1.0089    0.6191    0.1580  r PC
 3.50  4700.  0.0  2.0   0.6883    0.2001    0.9317    0.5232    0.1126  r PC
 4.00  4700.  0.0  2.0   0.6849    0.1908    0.8634    0.4311    0.1143  r PC
 4.50  4700.  0.0  2.0   0.6780    0.1762    0.8140    0.3624    0.0796  r PC
 5.00  4700.  0.0  2.0   0.6786    0.1730    0.7809    0.3144    0.0661  r PC
 5.50  4700.  0.0  2.0   0.6812    0.2091    0.7512    0.3055    0.0487  r PC
 6.00  4700.  0.0  2.0   0.6638    0.2725    0.7148    0.3378    0.0587  r PC
 2.50  4800.  0.0  2.0   0.7009    0.2361    1.1181    0.7529    0.1416  r PC
 3.00  4800.  0.0  2.0   0.6995    0.2368    1.0091    0.6337    0.1596  r PC
 3.50  4800.  0.0  2.0   0.6820    0.2052    0.9304    0.5356    0.1123  r PC
 4.00  4800.  0.0  2.0   0.6795    0.1971    0.8619    0.4430    0.1147  r PC
 4.50  4800.  0.0  2.0   0.6733    0.1831    0.8126    0.3743    0.0791  r PC
 5.00  4800.  0.0  2.0   0.6739    0.1772    0.7785    0.3218    0.0663  r PC
 5.50  4800.  0.0  2.0   0.6739    0.1826    0.7475    0.2865    0.0442  r PC
 6.00  4800.  0.0  2.0   0.6631    0.2349    0.7181    0.3097    0.0409  r PC
 2.50  4900.  0.0  2.0   0.6938    0.2396    1.1219    0.7708    0.1440  r PC
 3.00  4900.  0.0  2.0   0.6925    0.2406    1.0115    0.6503    0.1609  r PC
 3.50  4900.  0.0  2.0   0.6753    0.2095    0.9300    0.5488    0.1126  r PC
 4.00  4900.  0.0  2.0   0.6712    0.1995    0.8593    0.4539    0.1141  r PC
 4.50  4900.  0.0  2.0   0.6688    0.1901    0.8126    0.3881    0.0786  r PC
 5.00  4900.  0.0  2.0   0.6696    0.1845    0.7774    0.3338    0.0656  r PC
 5.50  4900.  0.0  2.0   0.6699    0.1831    0.7433    0.2856    0.0516  r PC
 6.00  4900.  0.0  2.0   0.6735    0.2252    0.7277    0.2998    0.0424  r PC
 2.50  5100.  0.0  2.0   0.6762    0.2430    1.1501    0.8255    0.1638  r PC
 3.00  5100.  0.0  2.0   0.6726    0.2402    1.0300    0.6982    0.1754  r PC
 3.50  5100.  0.0  2.0   0.6521    0.2048    0.9471    0.5986    0.1183  r PC
 4.00  5100.  0.0  2.0   0.6549    0.2102    0.8686    0.5000    0.1195  r PC
 4.50  5100.  0.0  2.0   0.6496    0.1959    0.8205    0.4324    0.0802  r PC
 5.00  5100.  0.0  2.0   0.6520    0.1928    0.7715    0.3593    0.0655  r PC
 5.50  5100.  0.0  2.0   0.6495    0.1818    0.7431    0.3140    0.0471  r PC
 6.00  5100.  0.0  2.0   0.6535    0.1932    0.7161    0.2825    0.0386  r PC
 2.50  5200.  0.0  2.0   0.6713    0.2451    1.1510    0.8356    0.1661  r PC
 3.00  5200.  0.0  2.0   0.6663    0.2413    1.0296    0.7076    0.1769  r PC
 3.50  5200.  0.0  2.0   0.6450    0.2050    0.9456    0.6069    0.1189  r PC
 4.00  5200.  0.0  2.0   0.6484    0.2129    0.8671    0.5103    0.1200  r PC
 4.50  5200.  0.0  2.0   0.6431    0.1993    0.8173    0.4408    0.0800  r PC
 5.00  5200.  0.0  2.0   0.6458    0.1973    0.7677    0.3673    0.0650  r PC
 5.50  5200.  0.0  2.0   0.6438    0.1868    0.7394    0.3222    0.0459  r PC
 6.00  5200.  0.0  2.0   0.6499    0.1987    0.7132    0.2890    0.0393  r PC
 2.50  5300.  0.0  2.0   0.6663    0.2496    1.1564    0.8530    0.1699  r PC
 3.00  5300.  0.0  2.0   0.6579    0.2386    1.0290    0.7164    0.1787  r PC
 3.50  5300.  0.0  2.0   0.6417    0.2154    0.9481    0.6261    0.1188  r PC
 4.00  5300.  0.0  2.0   0.6417    0.2145    0.8662    0.5204    0.1201  r PC
 4.50  5300.  0.0  2.0   0.6364    0.2018    0.8141    0.4486    0.0797  r PC
 5.00  5300.  0.0  2.0   0.6387    0.1998    0.7633    0.3743    0.0638  r PC
 5.50  5300.  0.0  2.0   0.6419    0.1981    0.7385    0.3354    0.0464  r PC
 6.00  5300.  0.0  2.0   0.6430    0.2030    0.7095    0.2983    0.0365  r PC
 2.50  5400.  0.0  2.0   0.6627    0.2524    1.1586    0.8632    0.1730  r PC
 3.00  5400.  0.0  2.0   0.6530    0.2416    1.0306    0.7279    0.1816  r PC
 3.50  5400.  0.0  2.0   0.6341    0.2136    0.9470    0.6340    0.1184  r PC
 4.00  5400.  0.0  2.0   0.6344    0.2146    0.8657    0.5305    0.1205  r PC
 4.50  5400.  0.0  2.0   0.6295    0.2031    0.8110    0.4559    0.0790  r PC
 5.00  5400.  0.0  2.0   0.6296    0.1992    0.7579    0.3795    0.0617  r PC
 5.50  5400.  0.0  2.0   0.6339    0.2094    0.7346    0.3531    0.0429  r PC
 6.00  5400.  0.0  2.0   0.6369    0.2085    0.7057    0.3076    0.0350  r PC
 2.50  5500.  0.0  2.0   0.6563    0.2530    1.1694    0.8844    0.1746  r PC
 3.00  5500.  0.0  2.0   0.6470    0.2462    1.0442    0.7574    0.1837  r PC
 3.50  5500.  0.0  2.0   0.6294    0.2167    0.9487    0.6456    0.1208  r PC
 4.00  5500.  0.0  2.0   0.6287    0.2167    0.8676    0.5433    0.1214  r PC
 4.50  5500.  0.0  2.0   0.6213    0.2025    0.8077    0.4625    0.0779  r PC
 5.00  5500.  0.0  2.0   0.6229    0.2009    0.7541    0.3857    0.0608  r PC
 5.50  5500.  0.0  2.0   0.6280    0.2144    0.7306    0.3612    0.0428  r PC
 6.00  5500.  0.0  2.0   0.6305    0.2134    0.7021    0.3169    0.0336  r PC
 2.50  5600.  0.0  2.0   0.6512    0.2551    1.1781    0.9028    0.1751  r PC
 3.00  5600.  0.0  2.0   0.6226    0.2110    1.0497    0.7726    0.1062  r PC
 3.50  5600.  0.0  2.0   0.6245    0.2184    0.9488    0.6543    0.1219  r PC
 4.00  5600.  0.0  2.0   0.6230    0.2179    0.8672    0.5521    0.1225  r PC
 4.50  5600.  0.0  2.0   0.6149    0.2033    0.8049    0.4688    0.0774  r PC
 5.00  5600.  0.0  2.0   0.6179    0.2161    0.7528    0.4070    0.0589  r PC
 5.50  5600.  0.0  2.0   0.6196    0.2160    0.7259    0.3686    0.0398  r PC
 6.00  5600.  0.0  2.0   0.6238    0.2177    0.6981    0.3252    0.0322  r PC
 2.50  5700.  0.0  2.0   0.6458    0.2565    1.1841    0.9185    0.1754  r PC
 3.00  5700.  0.0  2.0   0.6402    0.2517    1.0548    0.7868    0.1864  r PC
 3.50  5700.  0.0  2.0   0.6188    0.2185    0.9489    0.6626    0.1223  r PC
 4.00  5700.  0.0  2.0   0.6162    0.2168    0.8661    0.5595    0.1219  r PC
 4.50  5700.  0.0  2.0   0.6095    0.2050    0.8023    0.4747    0.0776  r PC
 5.00  5700.  0.0  2.0   0.6113    0.2182    0.7492    0.4139    0.0579  r PC
 5.50  5700.  0.0  2.0   0.6127    0.2187    0.7214    0.3752    0.0382  r PC
 6.00  5700.  0.0  2.0   0.6169    0.2211    0.6939    0.3328    0.0307  r PC
 2.50  5800.  0.0  2.0   0.6433    0.2611    1.1960    0.9388    0.1783  r PC
 3.00  5800.  0.0  2.0   0.6136    0.2152    1.0596    0.8012    0.1092  r PC
 3.50  5800.  0.0  2.0   0.6163    0.2192    0.9551    0.6749    0.1228  r PC
 4.00  5800.  0.0  2.0   0.6110    0.2179    0.8649    0.5664    0.1230  r PC
 4.50  5800.  0.0  2.0   0.6048    0.2180    0.8019    0.4948    0.0766  r PC
 5.00  5800.  0.0  2.0   0.6050    0.2203    0.7460    0.4207    0.0572  r PC
 5.50  5800.  0.0  2.0   0.6058    0.2209    0.7170    0.3812    0.0367  r PC
 6.00  5800.  0.0  2.0   0.6098    0.2237    0.6894    0.3395    0.0291  r PC
 2.50  5900.  0.0  2.0   0.6377    0.2632    1.2023    0.9558    0.1788  r PC
 3.00  5900.  0.0  2.0   0.6089    0.2167    1.0620    0.8123    0.1093  r PC
 3.50  5900.  0.0  2.0   0.6100    0.2227    0.9533    0.6846    0.1250  r PC
 4.00  5900.  0.0  2.0   0.6058    0.2188    0.8635    0.5728    0.1241  r PC
 4.50  5900.  0.0  2.0   0.6010    0.2178    0.8007    0.4986    0.0758  r PC
 5.00  5900.  0.0  2.0   0.5987    0.2219    0.7431    0.4274    0.0565  r PC
 5.50  5900.  0.0  2.0   0.6008    0.2210    0.7138    0.3843    0.0356  r PC
 6.00  5900.  0.0  2.0   0.6023    0.2249    0.6848    0.3454    0.0274  r PC
 2.50  6000.  0.0  2.0   0.6335    0.2646    1.2001    0.9613    0.1798  r PC
 3.00  6000.  0.0  2.0   0.6036    0.2170    1.0635    0.8220    0.1092  r PC
 3.50  6000.  0.0  2.0   0.6044    0.2223    0.9559    0.6958    0.1247  r PC
 4.00  6000.  0.0  2.0   0.6007    0.2196    0.8620    0.5787    0.1251  r PC
 4.50  6000.  0.0  2.0   0.5937    0.2210    0.7966    0.5064    0.0769  r PC
 5.00  6000.  0.0  2.0   0.5922    0.2225    0.7404    0.4340    0.0557  r PC
 5.50  6000.  0.0  2.0   0.5919    0.2230    0.7078    0.3908    0.0340  r PC
 6.00  6000.  0.0  2.0   0.5970    0.2256    0.6809    0.3484    0.0266  r PC
 2.50  6100.  0.0  2.0   0.6272    0.2671    1.2176    0.9911    0.1784  r PC
 3.00  6100.  0.0  2.0   0.5990    0.2186    1.0650    0.8317    0.1091  r PC
 3.50  6100.  0.0  2.0   0.6004    0.2225    0.9614    0.7091    0.1249  r PC
 4.00  6100.  0.0  2.0   0.5971    0.2191    0.8613    0.5825    0.1250  r PC
 4.50  6100.  0.0  2.0   0.5883    0.2222    0.7942    0.5121    0.0770  r PC
 5.00  6100.  0.0  2.0   0.5880    0.2225    0.7392    0.4385    0.0548  r PC
 5.50  6100.  0.0  2.0   0.5857    0.2244    0.7036    0.3953    0.0333  r PC
 6.00  6100.  0.0  2.0   0.5906    0.2409    0.6772    0.3676    0.0224  r PC
 2.50  6200.  0.0  2.0   0.6238    0.2677    1.2117    0.9911    0.1781  r PC
 3.00  6200.  0.0  2.0   0.5941    0.2199    1.0665    0.8418    0.1084  r PC
 3.50  6200.  0.0  2.0   0.5944    0.2234    0.9625    0.7197    0.1253  r PC
 4.00  6200.  0.0  2.0   0.5918    0.2194    0.8594    0.5877    0.1259  r PC
 4.50  6200.  0.0  2.0   0.5827    0.2224    0.7917    0.5169    0.0769  r PC
 5.00  6200.  0.0  2.0   0.5821    0.2233    0.7373    0.4453    0.0544  r PC
 5.50  6200.  0.0  2.0   0.5821    0.2376    0.7016    0.4109    0.0309  r PC
 6.00  6200.  0.0  2.0   0.5825    0.2465    0.6714    0.3763    0.0217  r PC
 2.50  6300.  0.0  2.0   0.6160    0.2703    1.2295    1.0230    0.1768  r PC
 3.00  6300.  0.0  2.0   0.5887    0.2204    1.0687    0.8525    0.1071  r PC
 3.50  6300.  0.0  2.0   0.5885    0.2217    0.9693    0.7357    0.1233  r PC
 4.00  6300.  0.0  2.0   0.5856    0.2201    0.8571    0.5939    0.1270  r PC
 4.50  6300.  0.0  2.0   0.5787    0.2222    0.7909    0.5216    0.0763  r PC
 5.00  6300.  0.0  2.0   0.5733    0.2219    0.7356    0.4545    0.0535  r PC
 5.50  6300.  0.0  2.0   0.5752    0.2421    0.6964    0.4177    0.0305  r PC
 6.00  6300.  0.0  2.0   0.5762    0.2496    0.6674    0.3829    0.0212  r PC
 2.50  6400.  0.0  2.0   0.6143    0.2720    1.2227    1.0213    0.1769  r PC
 3.00  6400.  0.0  2.0   0.6075    0.2637    1.0731    0.8664    0.1923  r PC
 3.50  6400.  0.0  2.0   0.5833    0.2227    0.9704    0.7454    0.1237  r PC
 4.00  6400.  0.0  2.0   0.5806    0.2200    0.8558    0.5990    0.1273  r PC
 4.50  6400.  0.0  2.0   0.5718    0.2214    0.7894    0.5286    0.0764  r PC
 5.00  6400.  0.0  2.0   0.5689    0.2233    0.7351    0.4614    0.0543  r PC
 5.50  6400.  0.0  2.0   0.5677    0.2435    0.6913    0.4227    0.0297  r PC
 6.00  6400.  0.0  2.0   0.5699    0.2519    0.6635    0.3887    0.0208  r PC
 2.50  6500.  0.0  2.0   0.6098    0.2748    1.2271    1.0354    0.1771  r PC
 3.00  6500.  0.0  2.0   0.6032    0.2662    1.0792    0.8823    0.1925  r PC
 3.50  6500.  0.0  2.0   0.5780    0.2240    0.9741    0.7586    0.1231  r PC
 4.00  6500.  0.0  2.0   0.5761    0.2210    0.8552    0.6053    0.1276  r PC
 4.50  6500.  0.0  2.0   0.5676    0.2208    0.7921    0.5376    0.0759  r PC
 5.00  6500.  0.0  2.0   0.5637    0.2229    0.7350    0.4685    0.0540  r PC
 5.50  6500.  0.0  2.0   0.5631    0.2440    0.6881    0.4253    0.0294  r PC
 6.00  6500.  0.0  2.0   0.5622    0.2511    0.6583    0.3917    0.0209  r PC
 2.50  6600.  0.0  2.0   0.6045    0.2772    1.2281    1.0469    0.1779  r PC
 3.00  6600.  0.0  2.0   0.5990    0.2690    1.0849    0.8980    0.1937  r PC
 3.50  6600.  0.0  2.0   0.5740    0.2256    0.9739    0.7657    0.1236  r PC
 4.00  6600.  0.0  2.0   0.5710    0.2215    0.8575    0.6164    0.1278  r PC
 4.50  6600.  0.0  2.0   0.5627    0.2220    0.7957    0.5511    0.0760  r PC
 5.00  6600.  0.0  2.0   0.5586    0.2222    0.7349    0.4750    0.0537  r PC
 5.50  6600.  0.0  2.0   0.5564    0.2442    0.6836    0.4288    0.0288  r PC
 6.00  6600.  0.0  2.0   0.5561    0.2521    0.6546    0.3963    0.0205  r PC
 2.50  6700.  0.0  2.0   0.6006    0.2805    1.2271    1.0555    0.1768  r PC
 3.00  6700.  0.0  2.0   0.5948    0.2715    1.0885    0.9109    0.1941  r PC
 3.50  6700.  0.0  2.0   0.5684    0.2279    0.9758    0.7780    0.1236  r PC
 4.00  6700.  0.0  2.0   0.5665    0.2224    0.8638    0.6322    0.1282  r PC
 4.50  6700.  0.0  2.0   0.5581    0.2218    0.8002    0.5639    0.0760  r PC
 5.00  6700.  0.0  2.0   0.5537    0.2216    0.7347    0.4813    0.0532  r PC
 5.50  6700.  0.0  2.0   0.5512    0.2440    0.6801    0.4311    0.0283  r PC
 6.00  6700.  0.0  2.0   0.5503    0.2527    0.6511    0.4001    0.0202  r PC
 2.50  6800.  0.0  2.0   0.5939    0.2857    1.2361    1.0791    0.1814  r PC
 3.00  6800.  0.0  2.0   0.5901    0.2739    1.0893    0.9212    0.1947  r PC
 3.50  6800.  0.0  2.0   0.5639    0.2308    0.9761    0.7874    0.1248  r PC
 4.00  6800.  0.0  2.0   0.5620    0.2238    0.8704    0.6489    0.1285  r PC
 4.50  6800.  0.0  2.0   0.5536    0.2212    0.8027    0.5734    0.0761  r PC
 5.00  6800.  0.0  2.0   0.5492    0.2208    0.7344    0.4867    0.0525  r PC
 5.50  6800.  0.0  2.0   0.5463    0.2437    0.6769    0.4333    0.0277  r PC
 6.00  6800.  0.0  2.0   0.5449    0.2530    0.6475    0.4031    0.0200  r PC
 2.50  6900.  0.0  2.0   0.5901    0.2882    1.2343    1.0858    0.1803  r PC
 3.00  6900.  0.0  2.0   0.5859    0.2772    1.0909    0.9323    0.1967  r PC
 3.50  6900.  0.0  2.0   0.5612    0.2324    0.9749    0.7914    0.1245  r PC
 4.00  6900.  0.0  2.0   0.5576    0.2254    0.8745    0.6623    0.1289  r PC
 4.50  6900.  0.0  2.0   0.5490    0.2206    0.8043    0.5813    0.0760  r PC
 5.00  6900.  0.0  2.0   0.5450    0.2206    0.7332    0.4910    0.0525  r PC
 5.50  6900.  0.0  2.0   0.5417    0.2430    0.6741    0.4353    0.0272  r PC
 6.00  6900.  0.0  2.0   0.5395    0.2527    0.6439    0.4055    0.0196  r PC
 2.50  7000.  0.0  2.0   0.5889    0.2923    1.2291    1.0869    0.1805  r PC
 3.00  7000.  0.0  2.0   0.5810    0.2793    1.0909    0.9414    0.1974  r PC
 3.50  7000.  0.0  2.0   0.5566    0.2346    0.9745    0.7996    0.1249  r PC
 4.00  7000.  0.0  2.0   0.5534    0.2273    0.8768    0.6732    0.1295  r PC
 4.50  7000.  0.0  2.0   0.5450    0.2209    0.8031    0.5857    0.0761  r PC
 5.00  7000.  0.0  2.0   0.5408    0.2203    0.7312    0.4937    0.0527  r PC
 5.50  7000.  0.0  2.0   0.5373    0.2427    0.6714    0.4376    0.0268  r PC
 6.00  7000.  0.0  2.0   0.5346    0.2525    0.6405    0.4076    0.0193  r PC
 2.50  7200.  0.0  2.0   0.5796    0.2998    1.2317    1.1104    0.1840  r PC
 3.00  7200.  0.0  2.0   0.5715    0.2859    1.0937    0.9643    0.2006  r PC
 3.50  7200.  0.0  2.0   0.5473    0.2391    0.9731    0.8150    0.1265  r PC
 4.00  7200.  0.0  2.0   0.5433    0.2323    0.8785    0.6945    0.1312  r PC
 4.50  7200.  0.0  2.0   0.5359    0.2210    0.8000    0.5938    0.0766  r PC
 5.00  7200.  0.0  2.0   0.5315    0.2190    0.7266    0.4987    0.0525  r PC
 5.50  7200.  0.0  2.0   0.5288    0.2411    0.6701    0.4465    0.0260  r PC
 6.00  7200.  0.0  2.0   0.5253    0.2512    0.6339    0.4104    0.0184  r PC
 2.50  7400.  0.0  2.0   0.5727    0.3067    1.2305    1.1263    0.1850  r PC
 3.00  7400.  0.0  2.0   0.5635    0.2923    1.0927    0.9807    0.2019  r PC
 3.50  7400.  0.0  2.0   0.5382    0.2447    0.9744    0.8350    0.1270  r PC
 4.00  7400.  0.0  2.0   0.5349    0.2355    0.8758    0.7059    0.1318  r PC
 4.50  7400.  0.0  2.0   0.5212    0.2350    0.7944    0.6206    0.0765  r PC
 5.00  7400.  0.0  2.0   0.5239    0.2195    0.7226    0.5044    0.0526  r PC
 5.50  7400.  0.0  2.0   0.5210    0.2402    0.6779    0.4684    0.0253  r PC
 6.00  7400.  0.0  2.0   0.5169    0.2499    0.6278    0.4125    0.0178  r PC
 2.50  7600.  0.0  2.0   0.5647    0.3132    1.2352    1.1488    0.1869  r PC
 3.00  7600.  0.0  2.0   0.5543    0.2988    1.0959    1.0036    0.2032  r PC
 3.50  7600.  0.0  2.0   0.5285    0.2498    0.9792    0.8594    0.1285  r PC
 4.00  7600.  0.0  2.0   0.5240    0.2533    0.8752    0.7390    0.1316  r PC
 4.50  7600.  0.0  2.0   0.5280    0.2409    0.7929    0.6107    0.1397  r PC
 5.00  7600.  0.0  2.0   0.5154    0.2193    0.7183    0.5100    0.0531  r PC
 5.50  7600.  0.0  2.0   0.5134    0.2391    0.6800    0.4814    0.0248  r PC
 6.00  7600.  0.0  2.0   0.5094    0.2490    0.6227    0.4152    0.0170  r PC
 2.50  7800.  0.0  2.0   0.5578    0.3199    1.2263    1.1569    0.1833  r PC
 3.00  7800.  0.0  2.0   0.5457    0.3044    1.1020    1.0280    0.2033  r PC
 3.50  7800.  0.0  2.0   0.5160    0.2594    0.9904    0.9013    0.1272  r PC
 4.00  7800.  0.0  2.0   0.5180    0.2458    0.8727    0.7357    0.1314  r PC
 4.50  7800.  0.0  2.0   0.5184    0.2428    0.7932    0.6262    0.1410  r PC
 5.00  7800.  0.0  2.0   0.5068    0.2202    0.7235    0.5301    0.0537  r PC
 5.50  7800.  0.0  2.0   0.5057    0.2378    0.6767    0.4864    0.0246  r PC
 6.00  7800.  0.0  2.0   0.5020    0.2474    0.6176    0.4170    0.0165  r PC
 2.50  8000.  0.0  2.0   0.5496    0.3235    1.2421    1.1877    0.1870  r PC
 3.00  8000.  0.0  2.0   0.5373    0.3088    1.1062    1.0483    0.2045  r PC
 3.50  8000.  0.0  2.0   0.5089    0.2595    0.9995    0.9217    0.1268  r PC
 4.00  8000.  0.0  2.0   0.5070    0.2478    0.8742    0.7540    0.1320  r PC
 4.50  8000.  0.0  2.0   0.5087    0.2450    0.8062    0.6597    0.1418  r PC
 5.00  8000.  0.0  2.0   0.4983    0.2213    0.7311    0.5537    0.0541  r PC
 5.50  8000.  0.0  2.0   0.4829    0.2330    0.6595    0.4880    0.0285  r PC
 6.00  8000.  0.0  2.0   0.4949    0.2466    0.6172    0.4257    0.0177  r PC
 2.50  8200.  0.0  2.0   0.5461    0.3312    1.2567    1.2117    0.1981  r PC
 3.00  8200.  0.0  2.0   0.5287    0.3126    1.1104    1.0676    0.2067  r PC
 3.50  8200.  0.0  2.0   0.5199    0.3003    1.0049    0.9451    0.2199  r PC
 4.00  8200.  0.0  2.0   0.4951    0.2493    0.8909    0.7941    0.1319  r PC
 4.50  8200.  0.0  2.0   0.4973    0.2463    0.8121    0.6848    0.1420  r PC
 5.00  8200.  0.0  2.0   0.4867    0.2211    0.7304    0.5686    0.0551  r PC
 5.50  8200.  0.0  2.0   0.4763    0.2329    0.6550    0.4908    0.0296  r PC
 6.00  8200.  0.0  2.0   0.4886    0.2471    0.6220    0.4423    0.0181  r PC
 2.50  8400.  0.0  2.0   0.5418    0.3340    1.2843    1.2459    0.2053  r PC
 3.00  8400.  0.0  2.0   0.5208    0.3139    1.1258    1.0968    0.2097  r PC
 3.50  8400.  0.0  2.0   0.5103    0.3016    1.0056    0.9596    0.2210  r PC
 4.00  8400.  0.0  2.0   0.4841    0.2500    0.8977    0.8186    0.1316  r PC
 4.50  8400.  0.0  2.0   0.4856    0.2469    0.8090    0.6968    0.1423  r PC
 5.00  8400.  0.0  2.0   0.4767    0.2221    0.7259    0.5770    0.0557  r PC
 5.50  8400.  0.0  2.0   0.4722    0.2304    0.6522    0.4895    0.0311  r PC
 6.00  8400.  0.0  2.0   0.4809    0.2443    0.6238    0.4531    0.0190  r PC
 2.50  8600.  0.0  2.0   0.5415    0.3397    1.2964    1.2614    0.2127  r PC
 3.00  8600.  0.0  2.0   0.5152    0.3152    1.1469    1.1296    0.2142  r PC
 3.50  8600.  0.0  2.0   0.5019    0.3021    1.0167    0.9845    0.2245  r PC
 4.00  8600.  0.0  2.0   0.4718    0.2507    0.8985    0.8375    0.1302  r PC
 4.50  8600.  0.0  2.0   0.4748    0.2481    0.8044    0.7061    0.1422  r PC
 5.00  8600.  0.0  2.0   0.4661    0.2229    0.7198    0.5836    0.0570  r PC
 5.50  8600.  0.0  2.0   0.4671    0.2162    0.6481    0.4766    0.0336  r PC
 6.00  8600.  0.0  2.0   0.4730    0.2413    0.6196    0.4549    0.0208  r PC
 2.50  8800.  0.0  2.0   0.5455    0.3501    1.3130    1.2783    0.2230  r PC
 3.00  8800.  0.0  2.0   0.5119    0.3173    1.1573    1.1461    0.2202  r PC
 3.50  8800.  0.0  2.0   0.4956    0.3024    1.0442    1.0273    0.2281  r PC
 4.00  8800.  0.0  2.0   0.4634    0.2506    0.8994    0.8493    0.1301  r PC
 4.50  8800.  0.0  2.0   0.4641    0.2479    0.8010    0.7156    0.1418  r PC
 5.00  8800.  0.0  2.0   0.4622    0.2371    0.7130    0.5899    0.1064  r PC
 5.50  8800.  0.0  2.0   0.4566    0.2157    0.6409    0.4802    0.0355  r PC
 6.00  8800.  0.0  2.0   0.4647    0.2383    0.6133    0.4544    0.0228  r PC
 2.50  9000.  0.0  2.0   0.5508    0.3615    1.3351    1.2996    0.2332  r PC
 3.00  9000.  0.0  2.0   0.5129    0.3234    1.1762    1.1704    0.2274  r PC
 3.50  9000.  0.0  2.0   0.4911    0.3027    1.0499    1.0398    0.2317  r PC
 4.00  9000.  0.0  2.0   0.4557    0.2487    0.9121    0.8747    0.1303  r PC
 4.50  9000.  0.0  2.0   0.4530    0.2464    0.8191    0.7545    0.1407  r PC
 5.00  9000.  0.0  2.0   0.4506    0.2348    0.7078    0.5962    0.1066  r PC
 5.50  9000.  0.0  2.0   0.4465    0.2168    0.6405    0.4945    0.0387  r PC
 6.00  9000.  0.0  2.0   0.4560    0.2340    0.6059    0.4512    0.0264  r PC
 2.50  9200.  0.0  2.0   0.5580    0.3755    1.3452    1.3090    0.2445  r PC
 3.00  9200.  0.0  2.0   0.5147    0.3297    1.1943    1.1933    0.2334  r PC
 3.50  9200.  0.0  2.0   0.4894    0.3054    1.0520    1.0464    0.2360  r PC
 4.00  9200.  0.0  2.0   0.4510    0.2489    0.9295    0.9041    0.1312  r PC
 4.50  9200.  0.0  2.0   0.4462    0.2458    0.8310    0.7796    0.1401  r PC
 5.00  9200.  0.0  2.0   0.4421    0.2353    0.7228    0.6296    0.1070  r PC
 5.50  9200.  0.0  2.0   0.4353    0.2163    0.6526    0.5268    0.0418  r PC
 6.00  9200.  0.0  2.0   0.4451    0.2266    0.5967    0.4453    0.0301  r PC
 2.50  9400.  0.0  2.0   0.5670    0.3926    1.3610    1.3233    0.2573  r PC
 3.00  9400.  0.0  2.0   0.5185    0.3388    1.2029    1.2048    0.2419  r PC
 3.50  9400.  0.0  2.0   0.4902    0.3104    1.0610    1.0602    0.2412  r PC
 4.00  9400.  0.0  2.0   0.4478    0.2493    0.9369    0.9185    0.1316  r PC
 4.50  9400.  0.0  2.0   0.4408    0.2450    0.8333    0.7893    0.1400  r PC
 5.00  9400.  0.0  2.0   0.4332    0.2344    0.7320    0.6543    0.1070  r PC
 5.50  9400.  0.0  2.0   0.4265    0.2156    0.6520    0.5373    0.0447  r PC
 6.00  9400.  0.0  2.0   0.4302    0.2208    0.5835    0.4405    0.0372  r PC
 2.50  9600.  0.0  2.0   0.5766    0.4112    1.3768    1.3380    0.2711  r PC
 3.00  9600.  0.0  2.0   0.5229    0.3493    1.2080    1.2126    0.2517  r PC
 3.50  9600.  0.0  2.0   0.4915    0.3159    1.0787    1.0847    0.2464  r PC
 4.00  9600.  0.0  2.0   0.4460    0.2506    0.9390    0.9245    0.1330  r PC
 4.50  9600.  0.0  2.0   0.4389    0.2463    0.8343    0.7942    0.1397  r PC
 5.00  9600.  0.0  2.0   0.4283    0.2348    0.7329    0.6627    0.1077  r PC
 5.50  9600.  0.0  2.0   0.4229    0.2218    0.6478    0.5412    0.0618  r PC
 6.00  9600.  0.0  2.0   0.4232    0.2148    0.5778    0.4356    0.0411  r PC
 2.50  9800.  0.0  2.0   0.5872    0.4325    1.3863    1.3482    0.2872  r PC
 3.00  9800.  0.0  2.0   0.5286    0.3620    1.2152    1.2228    0.2632  r PC
 3.50  9800.  0.0  2.0   0.4946    0.3241    1.0912    1.1025    0.2545  r PC
 4.00  9800.  0.0  2.0   0.4460    0.2539    0.9404    0.9290    0.1356  r PC
 4.50  9800.  0.0  2.0   0.4358    0.2475    0.8333    0.7981    0.1413  r PC
 5.00  9800.  0.0  2.0   0.4245    0.2354    0.7316    0.6665    0.1089  r PC
 5.50  9800.  0.0  2.0   0.4158    0.2220    0.6435    0.5453    0.0636  r PC
 6.00  9800.  0.0  2.0   0.4156    0.2148    0.5718    0.4373    0.0443  r PC
 2.50 10000.  0.0  2.0   0.5346    0.3470    1.3941    1.3573    0.1629  r PC
 3.00 10000.  0.0  2.0   0.5341    0.3751    1.2264    1.2382    0.2743  r PC
 3.50 10000.  0.0  2.0   0.4683    0.2803    1.0969    1.1122    0.1511  r PC
 4.00 10000.  0.0  2.0   0.4473    0.2590    0.9415    0.9329    0.1394  r PC
 4.50 10000.  0.0  2.0   0.4350    0.2500    0.8337    0.8017    0.1431  r PC
 5.00 10000.  0.0  2.0   0.4223    0.2371    0.7308    0.6699    0.1110  r PC
 5.50 10000.  0.0  2.0   0.4119    0.2231    0.6408    0.5477    0.0660  r PC
 6.00 10000.  0.0  2.0   0.4096    0.2147    0.5671    0.4385    0.0473  r PC
 2.50 10200.  0.0  2.0   0.5410    0.3632    1.4060    1.3703    0.1772  r PC
 3.00 10200.  0.0  2.0   0.4966    0.3141    1.2398    1.2566    0.1601  r PC
 3.50 10200.  0.0  2.0   0.4709    0.2878    1.1011    1.1200    0.1580  r PC
 4.00 10200.  0.0  2.0   0.4484    0.2635    0.9429    0.9371    0.1428  r PC
 4.50 10200.  0.0  2.0   0.4351    0.2531    0.8341    0.8048    0.1456  r PC
 5.00 10200.  0.0  2.0   0.4212    0.2396    0.7304    0.6728    0.1136  r PC
 5.50 10200.  0.0  2.0   0.4091    0.2247    0.6390    0.5503    0.0686  r PC
 6.00 10200.  0.0  2.0   0.4046    0.2157    0.5636    0.4415    0.0495  r PC
 2.50 10400.  0.0  2.0   0.5466    0.3789    1.4165    1.3830    0.1915  r PC
 3.00 10400.  0.0  2.0   0.4995    0.3246    1.2486    1.2707    0.1711  r PC
 3.50 10400.  0.0  2.0   0.4730    0.2954    1.1037    1.1264    0.1649  r PC
 4.00 10400.  0.0  2.0   0.4500    0.2690    0.9449    0.9421    0.1477  r PC
 4.50 10400.  0.0  2.0   0.4358    0.2569    0.8350    0.8083    0.1487  r PC
 5.00 10400.  0.0  2.0   0.4209    0.2427    0.7301    0.6754    0.1173  r PC
 5.50 10400.  0.0  2.0   0.4074    0.2269    0.6377    0.5528    0.0715  r PC
 6.00 10400.  0.0  2.0   0.4003    0.2177    0.5634    0.4490    0.0513  r PC
 2.50 10600.  0.0  2.0   0.5509    0.3926    1.4231    1.3930    0.2045  r PC
 3.00 10600.  0.0  2.0   0.5019    0.3350    1.2534    1.2810    0.1823  r PC
 3.50 10600.  0.0  2.0   0.4750    0.3036    1.1054    1.1326    0.1735  r PC
 4.00 10600.  0.0  2.0   0.4516    0.2750    0.9471    0.9479    0.1538  r PC
 4.50 10600.  0.0  2.0   0.4368    0.2612    0.8362    0.8122    0.1526  r PC
 5.00 10600.  0.0  2.0   0.4213    0.2462    0.7303    0.6781    0.1216  r PC
 5.50 10600.  0.0  2.0   0.4065    0.2296    0.6368    0.5550    0.0747  r PC
 6.00 10600.  0.0  2.0   0.3979    0.2193    0.5677    0.4602    0.0535  r PC
 2.50 10800.  0.0  2.0   0.5541    0.4049    1.4279    1.4022    0.2177  r PC
 3.00 10800.  0.0  2.0   0.5033    0.3444    1.2568    1.2902    0.1939  r PC
 3.50 10800.  0.0  2.0   0.4762    0.3114    1.1077    1.1398    0.1828  r PC
 4.00 10800.  0.0  2.0   0.4528    0.2811    0.9559    0.9629    0.1602  r PC
 4.50 10800.  0.0  2.0   0.4378    0.2659    0.8369    0.8157    0.1573  r PC
 5.00 10800.  0.0  2.0   0.4221    0.2502    0.7307    0.6812    0.1268  r PC
 5.50 10800.  0.0  2.0   0.4062    0.2326    0.6363    0.5574    0.0782  r PC
 6.00 10800.  0.0  2.0   0.3962    0.2213    0.5708    0.4688    0.0556  r PC
 2.50 11000.  0.0  2.0   0.5559    0.4152    1.4315    1.4106    0.2296  r PC
 3.00 11000.  0.0  2.0   0.5035    0.3523    1.2600    1.2994    0.2045  r PC
 3.50 11000.  0.0  2.0   0.4764    0.3183    1.1141    1.1525    0.1915  r PC
 4.00 11000.  0.0  2.0   0.4534    0.2871    0.9748    0.9915    0.1675  r PC
 4.50 11000.  0.0  2.0   0.4387    0.2706    0.8433    0.8272    0.1625  r PC
 5.00 11000.  0.0  2.0   0.4229    0.2545    0.7308    0.6837    0.1327  r PC
 5.50 11000.  0.0  2.0   0.4063    0.2359    0.6363    0.5599    0.0821  r PC
 6.00 11000.  0.0  2.0   0.3950    0.2235    0.5727    0.4752    0.0575  r PC
 2.50 11200.  0.0  2.0   0.5568    0.4237    1.4349    1.4188    0.2404  r PC
 3.00 11200.  0.0  2.0   0.5026    0.3586    1.2643    1.3097    0.2144  r PC
 3.50 11200.  0.0  2.0   0.4758    0.3245    1.1307    1.1777    0.2013  r PC
 4.00 11200.  0.0  2.0   0.4535    0.2929    0.9889    1.0141    0.1756  r PC
 4.50 11200.  0.0  2.0   0.4391    0.2753    0.8660    0.8612    0.1681  r PC
 5.00 11200.  0.0  2.0   0.4237    0.2587    0.7315    0.6871    0.1394  r PC
 5.50 11200.  0.0  2.0   0.4023    0.2315    0.6360    0.5621    0.0638  r PC
 6.00 11200.  0.0  2.0   0.3978    0.2284    0.5790    0.4848    0.0595  r PC
 2.50 11400.  0.0  2.0   0.5577    0.4317    1.4397    1.4271    0.2502  r PC
 3.00 11400.  0.0  2.0   0.5007    0.3638    1.2725    1.3244    0.2240  r PC
 3.50 11400.  0.0  2.0   0.4690    0.3243    1.1177    1.1710    0.2114  r PC
 4.00 11400.  0.0  2.0   0.4523    0.2974    0.9912    1.0220    0.1831  r PC
 4.50 11400.  0.0  2.0   0.4388    0.2796    0.8789    0.8825    0.1741  r PC
 5.00 11400.  0.0  2.0   0.4242    0.2628    0.7329    0.6917    0.1457  r PC
 5.50 11400.  0.0  2.0   0.4060    0.2370    0.6384    0.5652    0.0660  r PC
 6.00 11400.  0.0  2.0   0.3972    0.2307    0.5797    0.4887    0.0610  r PC
 2.50 11600.  0.0  2.0   0.5577    0.4377    1.4454    1.4353    0.2591  r PC
 3.00 11600.  0.0  2.0   0.4978    0.3673    1.2835    1.3416    0.2331  r PC
 3.50 11600.  0.0  2.0   0.4660    0.3271    1.1252    1.1860    0.2188  r PC
 4.00 11600.  0.0  2.0   0.4435    0.2947    0.9806    1.0179    0.1932  r PC
 4.50 11600.  0.0  2.0   0.4376    0.2830    0.8809    0.8895    0.1796  r PC
 5.00 11600.  0.0  2.0   0.4149    0.2584    0.7260    0.6908    0.1562  r PC
 5.50 11600.  0.0  2.0   0.4017    0.2365    0.6366    0.5680    0.0682  r PC
 6.00 11600.  0.0  2.0   0.3966    0.2328    0.5818    0.4946    0.0622  r PC
 2.50 11800.  0.0  2.0   0.5576    0.4430    1.4517    1.4433    0.2666  r PC
 3.00 11800.  0.0  2.0   0.4953    0.3702    1.2911    1.3547    0.2400  r PC
 3.50 11800.  0.0  2.0   0.4672    0.3343    1.1519    1.2211    0.2248  r PC
 4.00 11800.  0.0  2.0   0.4401    0.2965    0.9827    1.0263    0.1998  r PC
 4.50 11800.  0.0  2.0   0.4356    0.2858    0.8811    0.8946    0.1858  r PC
 5.00 11800.  0.0  2.0   0.4129    0.2602    0.7253    0.6939    0.1627  r PC
 5.50 11800.  0.0  2.0   0.4051    0.2415    0.6400    0.5726    0.0700  r PC
 6.00 11800.  0.0  2.0   0.3959    0.2344    0.5810    0.4959    0.0631  r PC
 2.50 12000.  0.0  2.0   0.5578    0.4480    1.4574    1.4503    0.2738  r PC
 3.00 12000.  0.0  2.0   0.4920    0.3718    1.2964    1.3655    0.2467  r PC
 3.50 12000.  0.0  2.0   0.4629    0.3352    1.1546    1.2300    0.2312  r PC
 4.00 12000.  0.0  2.0   0.4362    0.2976    0.9834    1.0331    0.2061  r PC
 4.50 12000.  0.0  2.0   0.4326    0.2875    0.8806    0.8991    0.1906  r PC
 5.00 12000.  0.0  2.0   0.4103    0.2612    0.7262    0.6995    0.1687  r PC
 5.50 12000.  0.0  2.0   0.4038    0.2429    0.6439    0.5813    0.0718  r PC
 6.00 12000.  0.0  2.0   0.3948    0.2358    0.5830    0.5016    0.0638  r PC
